-1472, -720, 14596, -602, 471, 324, -2708, 3784, 4160, -4124, 2940, -3041, -2252, 5004, -3440, -8767, 3235, -1234, -1640, 3952, -5672, -13201, 2723, 404, 600, 3752, -4752, -18198, 1140, 1096, 2764, 4476, -3564, -22400, 199, -201, 4788, 3944, -448, -24388, -1466, -3462, 5176, 2156, 2420, -25987, -5472, -7556, 3940, -1764, 9364, -28204, -10781, -11240, 320, -5548, 19540, -25986, -14253, -12271
-3804, -7684, 26348, -18427, -13756, -8509, -1504, 4244, 15376, -15104, 9379, 2383, -1472, 6072, 3356, -18679, 9678, 4130, -1392, 5480, 2252, -20216, 8752, 4630, -828, 5340, 688, -22624, 7119, 4155, 228, 5004, -1076, -25994, 5570, 2397, 1740, 4428, -2080, -30166, 4293, -717, 2288, 3360, -1268, -32512, 2572, -4861, 1700, 1080, 964, -32512, -231, -8446, 184, -1108, 4628, -32512, -3998, -10183
-692, -1452, 7236, -32512, -7173, -10967, -1220, 4348, 19724, -11107, 3864, -968, -1348, 5748, 4112, -12869, 3125, 224, -1564, 5612, 3000, -13079, 1197, 541, -972, 5124, 1652, -14349, -1057, 418, 168, 4788, 524, -17660, -2389, -397, 544, 4432, 424, -22491, -1945, -1435, 508, 3584, 1172, -28776, 109, -1804, -384, 2324, 2896, -32512, 2412, -1610, -1868, 128, 6644, -32512, 2634, -729
-2740, -1496, 10856, -32512, -307, 253, 1520, 4200, 16968, -17650, 7250, -3448, 876, 6744, -2268, -23224, 7477, -4634, 1532, 5548, -2304, -26120, 6888, -6459, 1328, 4208, -1872, -29394, 5509, -7406, 1364, 2864, -952, -32706, 3417, -8562, 1948, 1148, 984, -32512, 777, -10526, 1356, -1472, 4852, -32512, -2164, -13159, -1100, -3816, 10156, -32512, -5810, -14499, -2816, -4784, 15152, -32512, -8982, -13891
-3756, -5236, 17704, -29336, -11215, -12576, 2408, -1344, 10176, -25751, -2748, -6766, 928, -1020, 5800, -30403, -1814, -7815, -1128, -260, 9124, -30664, -1506, -7899, -2328, -1256, 10336, -28355, -1954, -5410, -1776, -416, 10380, -26007, -2729, -3621, 184, -1316, 10428, -26333, -4563, -3812, 660, -2224, 13096, -28128, -7502, -5707, -656, -3832, 16988, -28855, -10592, -7249, -2068, -4892, 21156, -26426, -13047, -7131
-2748, -4864, 23552, -21261, -13124, -6249, 164, -336, 22392, -1645, 4973, -4980, -1676, 1912, 8008, -3346, 4563, -4631, -3012, 2612, 6956, -3415, 2011, -3665, -2960, 2664, 6404, -4007, -704, -2268, -2880, 2896, 5708, -4428, -2604, -899, -1660, 3052, 4816, -4979, -3623, 111, -804, 3228, 3908, -6396, -3924, -184, -1464, 2744, 3424, -8529, -4310, -747, -1900, 1900, 4624, -10485, -4485, -286
-1300, -48, 5632, -12474, -3408, 332, -1416, -1316, 20112, -712, -795, -2630, -1520, 1084, 8832, -2826, -337, -1280, -1236, 1344, 8112, -3115, -340, -1097, -1004, 1724, 6924, -3866, -453, -780, -468, 2044, 5484, -4990, -404, -1118, -652, 2596, 4752, -6597, -1095, -1803, -656, 2584, 4416, -8119, -1998, -2569, -76, 732, 6160, -9836, -2805, -3715, -404, -780, 8588, -11615, -2485, -4810
-1544, -1692, 10812, -12163, -1331, -5060, 1092, 1440, 20424, -4757, -7, -3017, 1944, 696, 5692, -8446, 307, -4575, 2220, -1184, 6732, -11831, -777, -8025, 232, -2636, 9304, -14221, -2758, -10929, -2076, -4112, 12648, -12901, -5159, -11477, -4232, -3872, 14328, -8714, -6595, -9361, -4464, -3296, 13768, -3522, -6904, -5642, -4024, -1680, 11492, -71, -6774, -2099, -2388, -796, 8676, 295, -6098, 91
-508, -788, 6772, -4145, -5218, 807, 412, -544, 21336, -2185, -1477, -210, 1576, 104, 5228, -7501, -2394, -2074, 1160, -540, 5968, -11918, -3304, -4327, -568, -1044, 7752, -14253, -4044, -5474, -2372, -1496, 9644, -13742, -5080, -5004, -3528, -2040, 9900, -11362, -6415, -3037, -3620, -2152, 9192, -8254, -8169, -393, -2056, -3784, 8504, -7446, -9951, 1181, -244, -4832, 9024, -9987, -10602, 1309
904, -5400, 11160, -14054, -9720, 7, -636, -1092, 20196, -11970, -8519, -4453, -1300, -84, 4856, -14567, -7614, -3239, -620, -80, 4420, -14286, -6670, -2699, -712, -492, 3648, -14584, -5691, -1676, -740, -468, 3384, -14964, -4869, -798, -24, -1000, 2896, -15523, -3574, 148, 1884, -1752, 3328, -16977, -2400, -247, 3244, -3792, 5140, -20307, -3221, -3371, 3188, -7276, 8672, -24618, -7354, -8254
932, -9308, 14228, -27048, -13173, -12142, -804, -1880, 12740, -10918, -331, -5491, -2028, 1224, -2236, -13144, -2017, -2569, -2576, 1516, -2744, -14318, -5743, 549, -588, -956, -1532, -18769, -8629, 1940, -496, -2564, 1908, -25407, -10235, 1909, -784, -4320, 6732, -29970, -11773, 1577, -920, -5896, 12628, -29722, -13589, 1320, 324, -7476, 17596, -26776, -15502, 795, 2716, -9632, 22420, -24484, -16185, -1001
4208, -13112, 27600, -25676, -15292, -4457, -40, -3220, 17944, -11915, 459, -4288, 1128, -648, 4012, -13283, 2420, -4318, 4168, -3552, 4912, -17541, 2429, -7490, 3292, -6732, 10052, -26449, -31, -12418, -220, -10304, 18728, -31638, -7217, -15122, -2912, -12236, 27664, -29491, -15144, -14100, -3852, -12564, 32767, -22227, -20109, -10919, -2632, -13180, 32767, -14179, -18739, -8022, -1264, -13532, 32767, -10562, -13825, -5574
-448, -14532, 32767, -11710, -8333, -4953, 516, 72, 23312, -4047, -1025, -1370, -316, 1648, 6312, -6886, -55, -2049, -316, 620, 6012, -5955, -5, -2176, -264, 480, 4652, -4091, -325, -1542, 1104, 304, 2540, -3677, -1168, -1870, 1052, 1192, 288, -5009, -2587, -3407, 776, 872, -1232, -8142, -4244, -4475, 88, 1532, -1836, -11758, -5008, -5339, -276, 1872, -1732, -15067, -5597, -5501
-904, 1316, -856, -17861, -6099, -5050, -616, -384, 22884, -6204, -1745, -2111, -656, 2408, 4912, -7701, -1857, -1771, -260, 2488, 3672, -7417, -2744, -2247, -228, 1944, 3144, -7633, -3679, -2770, -728, 2176, 2676, -7829, -4912, -3191, -1092, 1768, 2148, -8367, -6115, -3446, -520, 760, 2620, -11684, -7262, -3806, -664, 68, 4876, -16927, -7667, -4356, -1796, -560, 8204, -20071, -7464, -4694
-3348, -1000, 11724, -19171, -7496, -3977, 1540, -24, 22748, 222, 449, 208, -132, 2312, 2868, -1545, -853, -540, 516, 2052, 1080, -2624, -3093, -2418, 388, 1784, 428, -4526, -4415, -4165, 592, 1640, -212, -7042, -4667, -5513, 244, 896, -504, -9751, -3905, -6241, -232, 640, -248, -11893, -3222, -6058, -8, -500, 568, -14616, -3604, -5134, 480, -1736, 2012, -17852, -4320, -4383
744, -2328, 4368, -20965, -5065, -4244, 364, 504, 13820, -4854, -2371, -3416, -112, 1444, -80, -7373, -4228, -2962, 312, 836, -636, -8093, -6124, -3367, 560, 1432, -2092, -9955, -6462, -4035, 484, 2004, -2112, -13680, -5829, -5043, 492, 1700, -2164, -18536, -3481, -5254, 264, 652, -1120, -24631, -269, -5033, -192, -1540, 2252, -30197, 1704, -4710, -896, -3768, 6428, -32512, 1884, -4758
-2304, -5108, 10532, -32512, 483, -4572, 1500, 80, 11140, -9868, 203, -5605, 1040, 2324, 3220, -11557, 219, -5405, 368, 1608, 3364, -10790, -1087, -5701, 264, 1496, 2852, -9588, -2589, -6008, 60, 752, 3064, -9341, -4682, -6667, -392, -400, 3300, -10580, -6245, -6876, -940, -1792, 5196, -12157, -7327, -6326, -1976, -2772, 7444, -13077, -7590, -5186, -3204, -2728, 9464, -13048, -7767, -2662
-3452, -2672, 10240, -11829, -7628, 588, 4008, 5492, 11560, -7625, -5263, -3241, 3272, 9580, -6108, -28999, 2798, -4632, 3864, 5688, -4192, -32512, 7041, -9383, 1172, 2684, 1176, -32512, 9477, -13039, -2588, 1184, 6028, -32512, 8162, -13874, -4020, -1112, 8620, -32512, 6274, -12174, -4816, -2324, 11164, -32512, 6189, -9922, -5184, -4116, 13360, -32512, 7626, -8245, -5832, -6472, 16208, -32512, 7820, -7061
-6248, -9256, 20484, -32512, 4162, -6938, 2652, 4088, 19244, -14690, 224, -3738, 2056, 7468, 2888, -24300, 2918, -4581, 1288, 6008, 2596, -32512, 8660, -4807, -572, 4888, 4316, -32512, 13183, -3841, -1332, 2868, 5564, -32512, 15290, -2473, -1224, 1332, 6800, -32512, 16461, -1720, -1076, -544, 8440, -32512, 18633, -2066, -3456, -3400, 11360, -32512, 18152, -1694, -5436, -5884, 16232, -32512, 13017, -310
-5676, -7912, 21804, -32512, 6963, 709, 5616, 6088, 23384, -13134, 1410, -3005, 3188, 9240, 3512, -22296, 4913, -3545, 2592, 8228, 3364, -29664, 9775, -4349, 1244, 6956, 3608, -32512, 15122, -3361, 412, 6232, 3788, -32512, 19601, -2024, -164, 4764, 3724, -32512, 23414, -993, -1008, 2636, 5092, -32512, 26180, -630, -2068, 452, 7508, -32512, 28426, -641, -3472, -2416, 9020, -32512, 30038, -839
-5328, -5748, 11908, -32512, 28627, -578, 1052, 3880, 19496, -11359, 2145, -3952, -452, 8392, 5308, -18294, 4380, -2868, 756, 6088, 4684, -24497, 7304, -2984, -356, 5356, 5880, -30576, 9624, -3018, -1256, 4292, 6832, -32512, 11044, -2888, -2264, 2960, 7680, -32512, 11594, -1977, -2424, 1596, 7820, -32512, 12095, -983, -2604, -100, 8572, -32512, 11340, -628, -2892, -1656, 9652, -32512, 9354, -1164
-2848, -3488, 12288, -32512, 5728, -2088, 696, 6524, 16148, -10006, 4162, -4560, -80, 7932, 3608, -18783, 7322, -4823, -812, 6492, 4428, -23679, 9408, -5014, -1808, 5324, 5100, -27076, 9297, -5129, -1912, 4408, 5308, -28937, 8690, -5400, -2220, 3568, 5596, -29804, 8308, -5963, -2580, 3060, 6332, -30713, 7394, -6597, -2140, 1844, 6960, -32637, 6063, -6803, -2332, 228, 8476, -32512, 4362, -6887
-2268, -1704, 10604, -32512, 3232, -6976, 4080, 7252, 19580, -24363, 6234, -3861, 1124, 8476, 3456, -31911, 8557, -4926, 76, 6816, 4724, -32512, 8841, -5374, -748, 5688, 5700, -32512, 8100, -4955, -1240, 4676, 6848, -32512, 7825, -3898, -1200, 3028, 8012, -32512, 6797, -2709, -972, 928, 9868, -32512, 4982, -2255, -664, -964, 12356, -32512, 3054, -2491, -176, -2708, 15076, -32512, 1343, -3696
-628, -4344, 17268, -32512, -520, -5219, -1204, -148, 16600, -32512, 8035, -5006, -2640, 536, 10676, -32512, 7751, -4324, -3596, -632, 12712, -32512, 7899, -4289, -3856, -1740, 12800, -32512, 8277, -4443, -3344, -2428, 13480, -32512, 8073, -5362, -2680, -3324, 13444, -32512, 7471, -7085, -3096, -4992, 13876, -32512, 5473, -9295, -4324, -6396, 14908, -30172, 1476, -10381, -4864, -7284, 15504, -26297, -3781, -10550
-4476, -8068, 16032, -22316, -8385, -10361, -104, 3216, 10708, -32512, 5856, -5455, -544, 4444, 3032, -32512, 6933, -5766, 104, 3612, 3124, -32512, 8645, -7043, 104, 2556, 3628, -32512, 10280, -8834, 912, 788, 4492, -32512, 11033, -11466, 1556, -1580, 6132, -32512, 11181, -15575, -204, -5084, 9184, -32512, 10846, -19317, -2388, -8264, 12716, -32512, 8350, -20961, -4504, -10792, 16592, -32512, 3250, -20980
-6112, -13188, 19596, -32512, -4139, -19375, 1332, 3896, 18744, -11173, 4098, -4144, -732, 5976, 880, -15188, 682, -4212, 368, 5208, 176, -18537, -4083, -6271, 1308, 4536, -452, -22226, -7550, -9111, 2240, 3072, 68, -27514, -9122, -12166, 2164, 756, 1832, -32512, -9205, -14884, 1656, -1776, 4748, -32512, -8703, -16392, 640, -4912, 9116, -32512, -7892, -16938, -1000, -8036, 13660, -32512, -7285, -16237
-1956, -10576, 17392, -32512, -5397, -14623, 1736, 2452, 21428, -26147, 5992, -2178, -756, 3984, 4748, -29427, 8457, -1117, -708, 3348, 3608, -31332, 9644, -863, -416, 2908, 2492, -32512, 10197, -918, 488, 1996, 2160, -32512, 9142, -2258, 1072, 156, 3156, -32512, 7329, -4519, 1384, -3404, 5204, -32512, 4836, -7523, 1312, -8312, 9744, -32512, 1833, -10934, 320, -11556, 16180, -32512, -1382, -14142
-1292, -15560, 22820, -32512, -5169, -16845, 3296, 1344, 13364, -25687, 1778, -6071, 2036, 2356, 3800, -32512, 2656, -7367, 1252, 1216, 5116, -32512, 3934, -8215, 8, 56, 6548, -32512, 5243, -7955, 212, -1708, 7948, -32512, 6131, -7890, 792, -4712, 9736, -32512, 6981, -8749, 976, -9288, 13116, -32512, 6897, -10641, -468, -14012, 18896, -32512, 4346, -12437, -2908, -17228, 25268, -32512, 297, -13087
-6260, -18632, 31664, -32512, -3955, -11501, 1680, 2904, 22632, -22179, 6363, -8414, -1136, 5832, 5312, -25447, 8903, -6253, -768, 4764, 4888, -29144, 11058, -5983, -28, 3848, 4544, -32512, 12854, -7190, 580, 2116, 5092, -32512, 14411, -10675, -328, -488, 5832, -32512, 16005, -15007, -1960, -3524, 7624, -32512, 17758, -18520, -3988, -6268, 9504, -32512, 18154, -20591, -5528, -9636, 11812, -32512, 15816, -22091
-6896, -13128, 15560, -32512, 9934, -23833, 1548, 3344, 18668, -15347, 1716, -4297, -264, 3344, 5560, -20231, 1723, -6832, -1660, 1600, 7108, -21622, 2468, -7870, -2768, 624, 7560, -23144, 1816, -7764, -1352, -464, 8420, -25362, 2008, -8705, -1696, -1132, 10176, -27796, 3365, -10012, -1876, -2628, 11712, -29302, 5986, -11130, -3252, -4156, 13368, -30412, 7020, -11458, -4196, -5752, 15268, -30108, 5610, -10718
-4656, -7208, 17640, -27768, 897, -9432, 3408, 2248, 18020, -32512, 2560, -7087, 1544, 2572, 7776, -32512, 2829, -8062, 652, -348, 10704, -32512, -390, -9819, -312, -3908, 14508, -32512, -6780, -10463, -888, -6772, 18584, -32512, -11437, -9599, -1684, -7756, 21600, -32512, -11715, -7287, -1308, -8628, 23228, -32512, -7372, -4727, -908, -10640, 25232, -32512, -1602, -2768, -1332, -12860, 28004, -32512, 364, -1369
-1092, -14440, 29796, -25156, -1495, -456, -2512, -156, 20444, -26531, 5014, -11551, -3288, -496, 8564, -25199, -1646, -9291, -368, -2952, 10328, -22570, -10097, -10377, 2216, -4984, 11488, -21766, -16581, -13472, 2308, -7200, 13588, -22565, -18694, -16138, 60, -8580, 16464, -23302, -18218, -16775, -1428, -10644, 18964, -22084, -16739, -15402, -896, -12684, 21500, -20016, -15138, -13019, -960, -13532, 23324, -17593, -13226, -10661
-1272, -14608, 25004, -14218, -11947, -8215, -1472, 588, 17396, -6449, -7786, 5871, -148, 1360, 1464, -12681, -6946, 5355, 2448, -704, 1536, -20101, -7413, 1917, 1916, -2832, 2964, -28774, -8783, -997, 548, -5416, 6068, -32512, -10386, -2283, 948, -8432, 9016, -32512, -10793, -2516, 464, -11376, 12772, -32512, -9527, -1986, -248, -14620, 17012, -32512, -8285, -914, 328, -16604, 20492, -32334, -8168, 224
1828, -18444, 22136, -23852, -8996, -128, 1712, -1912, 26196, -19828, 5706, 1114, 712, 0, 10336, -23302, 4704, 1464, 1872, -2148, 9764, -27190, 4869, -1422, 276, -3944, 11776, -32288, 4656, -4914, -1996, -6308, 14760, -32512, 2520, -6666, -3392, -7352, 17744, -31746, -1919, -6462, -2752, -8836, 20000, -27308, -6425, -6292, -1916, -9856, 21704, -22496, -9295, -6680, -1608, -11448, 22844, -18250, -10862, -7395
-1920, -13396, 24348, -14838, -11932, -7382, -1400, -3260, 15996, -32260, -2549, -4778, -916, -1628, 3748, -32512, -2345, -2581, 112, -3372, 4660, -32512, 233, -1270, -200, -5736, 7544, -32512, 3972, -444, -1192, -8328, 11396, -32512, 7696, 452, -2340, -10996, 14852, -32512, 10419, 1871, -2988, -14060, 18724, -32512, 11071, 3101, -4172, -17564, 25248, -32512, 7123, 3963, -4704, -19976, 32672, -32512, -1585, 4247
-3552, -20312, 32767, -20433, -10738, 3390, 4472, 1628, 18836, -20267, 7967, -4463, 2260, 3004, 5932, -24686, 9515, -4805, 1232, 2408, 6156, -27261, 9829, -5119, 744, 652, 7644, -30745, 9167, -5132, 476, -708, 10016, -32512, 7166, -5479, 92, -2528, 12860, -32512, 5236, -6132, -480, -4532, 16288, -32512, 3401, -6496, -776, -5892, 19132, -32512, 1831, -6734, -1136, -7296, 21580, -30920, 317, -6667
-1128, -8328, 23148, -27257, -1257, -6301, -1108, -2728, 12092, -12784, 4934, 1371, 748, -836, 4632, -16652, 2190, 496, 2068, -2452, 4916, -22647, 652, -3047, 1200, -3740, 7376, -28986, -130, -6273, 188, -5856, 10876, -32318, -1123, -8679, -1608, -8208, 15016, -32512, -1760, -9255, -2092, -9904, 17976, -29815, -2026, -8982, -2728, -10996, 20572, -25354, -2979, -8547, -2072, -13116, 21860, -19981, -5056, -8319
-1100, -15488, 22696, -15886, -7267, -9260, 920, 956, 10788, -24210, 3222, -3767, -152, 2224, 4716, -26483, 4857, -3211, -464, 1652, 4404, -27035, 5413, -2954, -444, 1376, 3224, -28542, 4793, -2987, 588, 396, 2844, -31892, 2641, -3833, 2164, -2544, 3608, -32512, 169, -5867, 2384, -5764, 7348, -32512, -1862, -8365, 1252, -9128, 13344, -32512, -3111, -10560, -972, -11608, 19624, -32512, -2739, -11214
-3648, -14016, 24644, -32512, -1705, -9411, 2956, -1884, 18712, -30846, 1432, -3485, 1340, -1364, 2876, -32512, 2150, -3118, 1628, -4360, 5068, -32512, 2974, -3649, 816, -7844, 9080, -32512, 3650, -3752, -68, -10724, 14080, -32512, 3557, -3434, -1200, -13552, 19892, -32512, 2873, -3121, -2024, -16560, 26216, -32512, 1041, -2441, -3480, -18728, 31496, -28859, -3539, -1144, -3016, -20088, 32767, -13515, -9414, -314
-2284, -19772, 31672, -1930, -14145, -666, 1160, -372, 11316, -25959, -760, -1339, 1080, 1384, 956, -31868, 2154, 153, 2156, -556, 1076, -32512, 4434, -553, 2824, -3652, 2720, -32512, 6713, -2088, 2328, -6548, 6644, -32512, 9086, -3947, 808, -9664, 10804, -32512, 11710, -5653, -980, -13320, 16184, -32512, 13251, -7108, -3016, -17472, 22436, -32512, 10280, -8364, -4444, -21300, 29316, -32512, 1682, -9075
-5336, -22844, 32767, -28178, -9268, -9102, 3368, -3624, 17364, -24191, 9120, 2691, 2252, -964, 1652, -32512, 9458, 1738, 3892, -4980, 3460, -32512, 10425, -2167, 2968, -8984, 7904, -32512, 12861, -6876, 392, -12564, 13196, -32512, 14364, -10061, -2172, -15600, 17960, -32512, 15059, -11290, -4848, -18732, 22852, -32512, 11704, -11052, -6856, -21052, 29032, -32512, 1077, -9819, -6644, -20904, 31924, -20776, -10896, -8410
-4472, -20652, 30208, -2932, -19223, -7869, 4328, 3424, 15336, -20172, -10437, -1762, 3908, 5132, 2764, -31766, -8025, -4000, 3020, 4396, 5676, -32512, -3857, -5838, 1552, 2340, 7984, -32512, 578, -5618, 512, 488, 10200, -32512, 2580, -4114, 436, -1672, 12384, -32512, 2449, -2387, 1056, -4460, 16028, -32512, 1827, -1552, 796, -7156, 21788, -32512, 1735, -1448, -524, -8860, 27968, -32512, 2390, -1935
-2080, -10008, 32020, -32703, 3751, -1426, 3496, 3624, 17688, -32512, -343, 3805, 1648, 4656, 2348, -32512, 2690, 3698, 4020, 2464, 4356, -32512, 4417, 1494, 5192, -692, 7800, -32512, 6197, -2437, 3956, -4028, 12592, -32512, 5761, -6669, 1384, -7180, 18152, -32512, 4254, -9361, -996, -9276, 23456, -32512, 2440, -9509, -2412, -11476, 27956, -32512, 959, -7808, -2904, -13476, 30988, -32512, 507, -5379
-3140, -14864, 32596, -24933, 38, -3165, 3936, -4060, 19664, -32512, 16968, 5836, 3188, -4380, 9784, -32512, 19122, 793, 796, -6028, 14128, -32512, 21481, -3359, -2436, -8204, 17972, -32512, 22366, -4864, -4568, -11364, 21832, -32512, 18957, -4396, -5356, -14548, 26520, -32512, 9555, -3526, -4340, -16468, 31836, -32512, -847, -3810, -3692, -17264, 32767, -24176, -8830, -5135, -4016, -16224, 32767, -7375, -14721, -6355
-3704, -15152, 32708, 4428, -17798, -6235, 1272, 3048, 20060, -27584, 3580, 2199, -1176, 5172, 3332, -32512, 7610, 3072, -1184, 4080, 3760, -32512, 9593, 3057, -984, 3088, 4312, -32512, 9861, 2741, -560, 1200, 5996, -32512, 8722, 2036, -548, -980, 9852, -32512, 6962, 1014, -208, -3172, 14920, -32512, 4227, -614, -800, -4924, 19760, -32512, 1745, -2287, -1656, -6268, 23732, -32512, 206, -3210
-2616, -7744, 26120, -29285, -951, -2808, 484, 4656, 12792, -24311, -3378, -3312, -420, 6032, 4796, -27632, 1336, -1910, -348, 5592, 3924, -28962, 5321, -1671, -392, 5096, 3224, -31740, 5980, -1940, 540, 4008, 3288, -32512, 3992, -3621, 1308, 2568, 5012, -32512, 2230, -6102, 816, 388, 7952, -32512, 1991, -8552, 32, -2152, 11276, -32512, 2926, -10180, -1184, -5028, 15232, -32512, 3568, -10915
-1664, -8676, 20144, -32512, 2899, -11266, 76, 3788, 18048, -32512, -3563, -6621, 264, 2984, 5560, -32512, -4427, -6456, 828, 484, 9772, -32512, -5714, -7352, 764, -1276, 13796, -32512, -6543, -8022, 1084, -3492, 17104, -32512, -7081, -8482, 604, -5836, 20440, -32512, -7319, -8839, -360, -8120, 24468, -32512, -8289, -8553, -1076, -10040, 28180, -32512, -9309, -7373, -1684, -10852, 30664, -32161, -9237, -5271
-2416, -11020, 31752, -23224, -7812, -2702, 4300, 572, 17068, -30164, -13604, -843, 3300, 608, 8396, -32512, -13728, -2875, 2184, -768, 12036, -32512, -13063, -3671, 1740, -2352, 15072, -32512, -11083, -2725, 2984, -2952, 16616, -32512, -7733, -2532, 6204, -5320, 17800, -32512, -3563, -4891, 7424, -9720, 21476, -32512, -1334, -8674, 5108, -13404, 26924, -32512, -3221, -10975, 1792, -15408, 31968, -32512, -6346, -10601
-828, -15744, 32767, -29931, -7006, -7402, 708, 3316, 6464, -21711, -3004, -3983, 2260, 3652, 1516, -24674, -6512, -6365, 3484, 768, 3532, -29901, -9462, -10400, 2088, -2760, 8180, -32512, -12428, -13156, -384, -5832, 14920, -32512, -15418, -13092, -1020, -7696, 19472, -32512, -16441, -10961, -28, -10364, 23104, -28595, -16199, -9258, 1596, -13348, 26000, -25440, -15215, -8352, 1744, -15468, 28504, -23247, -13225, -7597
1632, -17072, 30880, -21082, -10910, -6695, 48, 2896, 16876, -27426, 3363, -4236, -1688, 4540, 876, -30999, 3738, -3408, -988, 3508, 780, -32701, 1105, -3525, 308, 2012, 1568, -32512, -2439, -4615, 1068, 348, 3576, -32512, -5546, -6369, 1172, -1728, 6852, -32512, -7718, -8139, 916, -3840, 9880, -32512, -8565, -9392, 288, -5192, 12984, -32512, -8447, -9942, 224, -8108, 16492, -32512, -8883, -10208
376, -11476, 20676, -32512, -11307, -10782, 2528, 5152, 12504, -28430, -6935, -4346, 1356, 6344, 788, -32512, -4865, -4993, 752, 5652, 2088, -32512, -234, -5234, -672, 4884, 3016, -32512, 4546, -4084, -612, 3476, 3004, -32512, 6077, -3150, 748, 1692, 3504, -32512, 5068, -3160, 1904, -780, 5336, -32512, 3709, -4826, 2024, -3776, 8988, -32512, 1979, -7604, 1540, -6872, 12920, -32512, -91, -10268
600, -10488, 17964, -32512, -3954, -12385, 1172, 4300, 16680, -30035, -4091, 2356, 1708, 4140, 2936, -32512, -5152, 1981, 2924, 2256, 5300, -32512, -3949, -218, 2164, 544, 7832, -32512, 43, -1792, 1200, -2176, 10928, -32512, 4385, -3126, 372, -5528, 15308, -32512, 5277, -3839, 264, -9536, 20136, -32512, 2040, -4971, -184, -12352, 25420, -32512, -2861, -5898, -636, -14232, 30288, -32512, -6940, -6959
-1952, -15092, 32756, -31073, -8291, -7692, -136, 3684, 6164, -32512, 2318, -948, -424, 4984, -3024, -32512, 4503, -117, -576, 3968, -1460, -32512, 6004, -105, -516, 1460, 1664, -32512, 5592, -335, -380, -684, 6560, -32512, 1393, -1113, 200, -2676, 11260, -32512, -3304, -1828, 608, -4380, 15664, -32512, -6269, -2728, 456, -6552, 20536, -32512, -7038, -3446, -228, -8520, 24112, -32512, -5885, -3730
-804, -10572, 27356, -32512, -3904, -2859, -956, 4740, 16336, -32190, 4240, -1051, -1696, 4252, 3824, -32512, 5425, -44, -1760, 4000, 4216, -32512, 5692, -401, -640, 2516, 3948, -32512, 4802, -1862, 488, 412, 5016, -32512, 2935, -4167, 536, -2444, 8452, -32512, 1196, -6942, -876, -5496, 13820, -32512, -1149, -8913, -1972, -7820, 19320, -32512, -4264, -9801, -2944, -9904, 23888, -32512, -6876, -10106
-3588, -11720, 27512, -32512, -8501, -9538, 1656, 1040, 15876, -32512, 1251, -672, 2256, 584, 2804, -32512, -258, -405, 3180, -2708, 6124, -32512, -528, -1851, 3088, -5608, 10548, -32512, 1054, -3390, 1616, -8400, 15800, -32512, 3051, -4467, 612, -11744, 19480, -32512, 3823, -5026, -320, -14572, 23316, -32512, 3151, -5144, -1936, -17396, 27064, -32512, 1387, -4480, -3880, -19496, 31548, -32512, -2453, -2763
-4444, -20080, 32767, -21645, -7860, -451, 1160, 3880, 10264, -27290, 2316, 623, -40, 6056, 2328, -32512, 2277, 2102, -236, 5040, 3216, -32512, 1788, 2408, 308, 3944, 3932, -32512, 1312, 2860, 1368, 3060, 5480, -32512, 910, 2579, 2096, 1348, 7452, -32512, 1023, 2449, 2684, -1128, 10684, -32512, 1235, 1304, 2524, -3580, 15220, -32512, 1764, -257, 1884, -6336, 20020, -32512, 3317, -1760
696, -9420, 24488, -32512, 4593, -2804, 1288, -1572, 21820, -25993, 2583, -1096, -1196, 1000, 5600, -29269, 3368, 612, 84, -380, 5832, -31037, 2300, -236, 1568, -2628, 6008, -32512, 1248, -1790, 1832, -4720, 8292, -32512, 1662, -3557, 416, -7244, 11580, -32512, 2720, -5008, -1288, -9040, 14884, -32512, 3344, -4992, -2032, -11380, 18028, -32512, 2999, -4337, -2420, -14816, 21052, -32512, 896, -3910
-2848, -17648, 25208, -32512, -3487, -3415, 2552, 1104, 12572, -30547, -500, -1593, 280, 4048, 964, -32512, 3052, -1137, -632, 2476, 1804, -32512, 4743, -678, -992, 1072, 3864, -32512, 3855, 35, 244, -1036, 5948, -32512, 3340, 561, 1280, -3952, 9500, -32512, 4429, 541, 1476, -7292, 14764, -32512, 5100, -964, 100, -10444, 20308, -32512, 4419, -2645, -1596, -13128, 25532, -32512, 1972, -3462
-2164, -15960, 29880, -32512, -1299, -3803, 1836, -812, 17696, -32512, 1653, -6626, 212, 344, 4696, -32512, 2791, -5522, 400, -1620, 6284, -32512, 3299, -5242, 12, -4684, 9768, -32512, 2505, -4967, -848, -7140, 14432, -32512, 232, -4490, -1820, -8896, 19104, -32512, -1844, -3764, -1880, -10908, 22624, -32512, -3203, -2698, -1668, -12584, 25304, -31394, -4257, -1872, -1704, -13692, 26700, -21536, -6507, -1161
-1128, -14148, 26704, -13034, -9178, -647, -1008, 2452, 15020, -32512, 3546, 3116, -1480, 3412, 1120, -32512, 3690, 3075, 1060, 992, 4020, -32512, 257, 942, 3140, -2416, 8608, -32512, -4284, -2438, 3504, -5432, 13924, -32512, -8674, -5662, 1696, -7536, 19572, -32512, -9949, -7563, -444, -9836, 25560, -32512, -10144, -7206, -1292, -11800, 30608, -32512, -9897, -5530, -796, -13944, 32767, -24371, -9518, -3571
-56, -15068, 32767, -13163, -9422, -1581, 3716, 2520, 16452, -32512, -8925, 553, 3720, 3548, 3964, -32512, -8338, 603, 3744, 1220, 7348, -32512, -3775, 507, 2404, -1380, 11792, -32512, 1754, 976, 1592, -4152, 15596, -32512, 5459, 1234, 1268, -7028, 18964, -32512, 7301, 1256, 636, -9560, 22460, -32512, 8311, 616, -856, -11700, 26804, -32512, 8295, -148, -2324, -13088, 30364, -32512, 7574, -946
-4308, -13840, 32764, -31964, 6396, -1180, 2228, 5064, 8400, -32512, 4571, -862, 608, 6528, 1100, -32512, 5912, 311, 388, 5156, 3000, -32512, 7035, 1275, 136, 3264, 5388, -32512, 8983, 2235, 308, 1784, 8000, -32512, 12200, 2814, -472, -808, 10904, -32512, 15318, 3068, -1048, -4156, 16380, -32512, 15022, 2759, -964, -7252, 22116, -32512, 10448, 1506, -820, -9116, 27628, -32512, 4141, -422
-1340, -9852, 31384, -32512, -416, -2594, 712, 3404, 16904, -32512, 6201, 5935, -1164, 4900, 2268, -32512, 7781, 6670, -292, 3280, 3972, -32512, 8107, 6633, 1492, 1032, 5624, -32512, 9236, 5448, 3440, -1032, 7492, -32512, 12464, 2219, 3628, -3312, 10100, -32512, 16840, -2625, 1128, -6812, 13692, -32512, 18239, -6983, -1708, -10412, 18896, -32512, 13425, -9109, -3576, -13532, 25584, -32512, 3810, -9421
-4352, -15276, 31284, -32512, -5282, -8559, 1092, 3624, 9756, -32512, 2166, 12753, 1188, 4012, 2832, -32512, 6066, 15121, 2148, 1868, 4324, -32512, 9311, 15452, 2724, -1824, 5884, -32512, 13219, 15152, 2764, -5888, 8196, -32512, 17915, 14118, 2272, -11216, 11844, -32512, 22037, 12355, 748, -17188, 18276, -32512, 23084, 10748, -988, -22000, 25932, -32512, 20873, 9093, -3892, -23016, 31992, -32512, 17377, 8346
-6068, -23372, 32767, -32512, 10897, 8032, 1364, 5236, 15860, -32512, 18616, 10963, -72, 6144, 3536, -32512, 19431, 11249, -880, 5112, 4684, -32512, 19499, 11339, -1280, 2584, 5532, -32512, 19987, 12438, -1732, -324, 7200, -32512, 21455, 13715, -2032, -3136, 9360, -32512, 23828, 14795, -1696, -6880, 12848, -32512, 25585, 14733, -1176, -10060, 18080, -32512, 25011, 12725, -844, -13476, 23628, -32512, 22459, 9314
-2924, -13876, 27512, -32512, 18830, 6200, 3344, 5076, 20548, -1556, 1431, 2258, 2616, 7976, 6220, -9709, 4025, 2046, 2552, 8136, 4992, -17590, 7287, 1090, 1468, 7432, 4208, -27242, 11354, 785, 712, 6348, 4136, -32512, 15397, 1039, -472, 4676, 4860, -32512, 19173, 1396, -1320, 2636, 5884, -32512, 22319, 2166, -2080, 308, 7692, -32512, 24652, 3106, -2304, -2768, 10836, -32512, 24976, 3371
-3412, -5812, 15816, -32512, 21784, 3067, 2256, 4080, 16456, -17195, 6452, 2706, 604, 5656, 5768, -26226, 9926, 3315, -540, 4612, 6548, -31819, 12239, 3702, -1416, 3200, 7624, -32512, 13296, 4587, -1708, 2172, 8268, -32512, 13911, 5644, -1616, 1004, 9056, -32512, 14028, 6189, -1420, -296, 9772, -32512, 14891, 6140, -1464, -2032, 10744, -32512, 16284, 5348, -2280, -4220, 12692, -32512, 16240, 4840
-2868, -6532, 15316, -32512, 13735, 4321, 932, 3180, 16184, -32512, 14472, -1207, -1908, 4712, 1284, -32512, 13099, -427, -2408, 3760, 2104, -32512, 10046, -372, -1916, 2188, 3704, -32512, 7021, -272, -412, 136, 4804, -32512, 5315, -693, -376, -1568, 6700, -32512, 5477, -1329, -316, -4192, 8400, -32512, 7523, -2234, -784, -7032, 10428, -32512, 11116, -3350, -1556, -10592, 13404, -32512, 15095, -4666
-3400, -13864, 17756, -32512, 16263, -5771, 904, 2604, 12092, 6176, -21264, -3419, -320, 5844, -1344, -1095, -19343, -3067, -368, 5668, -1428, -6822, -16776, -3401, -236, 4952, -1508, -12468, -14461, -2946, 876, 4120, -736, -19327, -13742, -3217, 2568, 2956, 956, -29299, -12657, -4020, 3304, 1348, 3744, -32512, -9587, -5418, 2360, 48, 7216, -32512, -4990, -7050, 616, -3548, 12108, -32512, -2702, -7708
-724, -6396, 17448, -32512, -4973, -7209, -236, 5100, 9692, -18673, -8055, -1537, -436, 6324, -3208, -25396, -6093, -757, 228, 5340, -2692, -29378, -3794, -1218, 360, 4484, -2248, -32512, -2309, -1540, 1048, 3392, -1556, -32512, -2514, -2489, 1936, 1908, 268, -32512, -3980, -3904, 2484, 84, 4160, -32512, -5005, -5507, 3280, -3480, 9128, -32512, -4288, -7571, 1408, -5264, 15028, -32512, -2729, -8646
-1432, -7188, 20192, -32512, -2681, -8001, 2028, 3260, 14876, -19582, -2953, -1939, 460, 5684, -240, -24017, -2219, -2429, -324, 5128, -388, -26409, -1603, -3286, -1032, 5024, -332, -28784, -1801, -3322, -976, 4720, -944, -31135, -2527, -2936, -544, 3960, 136, -32512, -3785, -3225, 1240, 2332, 1508, -32512, -5274, -4174, 2124, -212, 5288, -32512, -7731, -6369, 2520, -2924, 10844, -32512, -11041, -9278
2016, -5824, 17380, -32512, -13656, -11868, 220, 3288, 6512, -17287, -866, -280, -808, 5200, -176, -20394, 302, -535, -1532, 4592, 296, -21928, 210, -1127, -1700, 3824, -456, -23969, -508, -1466, -1812, 3256, -608, -26473, -1593, -1776, -1640, 2256, 768, -29340, -3310, -2082, 112, 908, 2648, -32512, -5234, -3175, 1996, -1052, 5596, -32512, -6305, -5732, 1980, -3452, 11604, -32512, -6196, -9231
-320, -5248, 18348, -32512, -5254, -11167, 1748, 3688, 16896, -17265, -4038, -2336, -456, 6068, -1664, -22044, -5611, -1843, 560, 4808, -1572, -26048, -8234, -2737, 2296, 3076, -312, -32512, -11213, -4680, 3028, 672, 2484, -32512, -13060, -6841, 2400, -1944, 6852, -32512, -12078, -7861, 2296, -4420, 10588, -32512, -8113, -8323, 1784, -7272, 14212, -32512, -2649, -8035, 688, -10912, 18704, -32512, 265, -8106
-424, -13604, 22880, -32512, -1155, -8294, 1656, 9444, 8068, -28347, -3205, -2475, 1208, 9456, -5960, -32512, -616, -3901, 1140, 7864, -4464, -32512, 2677, -5750, -128, 6692, -2120, -32512, 5393, -6579, -1296, 5560, -136, -32512, 6113, -6622, -1248, 3236, 2392, -32512, 5128, -6413, -620, -944, 8292, -32512, 1600, -7636, -1712, -5576, 17648, -32512, -4633, -9283, -2224, -9468, 27580, -32512, -10364, -10211
-3788, -11884, 32767, -32512, -11945, -10350, 1276, 7200, 7596, -20656, -11219, -5888, -824, 9764, 144, -27018, -7980, -4994, -1188, 8972, 444, -32039, -5622, -4618, -1072, 7816, 1728, -32512, -3959, -3817, -1156, 6664, 3704, -32512, -2310, -2704, -904, 4292, 6308, -32512, -504, -1279, -44, 1404, 9924, -32512, 1783, -527, 640, -1748, 14392, -32512, 4312, -1057, -164, -4776, 20260, -32512, 5974, -2145
-1676, -7024, 25368, -32512, 6538, -3196, 1992, 8160, 4296, -20069, 3129, 2913, 332, 10416, -1484, -29246, 6871, 3389, -372, 9408, -1480, -32512, 8395, 3412, -1488, 8508, -800, -32512, 7203, 4296, -1208, 7792, 488, -32512, 5114, 5134, -96, 6676, 2488, -32512, 4253, 5872, 956, 5244, 4536, -32512, 4577, 6085, 2008, 3068, 6868, -32512, 6695, 5206, 1984, 616, 9180, -32512, 10135, 3311
1432, -2480, 12500, -32512, 14217, 1076, 2108, 5352, 13168, -22928, 7660, 1333, -604, 8404, 476, -32512, 9932, 961, -1116, 7092, 836, -32512, 10872, 115, -2328, 5852, 1936, -32512, 10524, 69, -3180, 5048, 3416, -32512, 9260, 654, -3168, 3972, 4840, -32512, 7574, 1581, -1796, 2084, 7352, -32512, 5380, 1376, -764, -208, 11620, -32512, 2240, -81, 544, -2648, 15888, -32512, -785, -2930
60, -4428, 20336, -32512, -2101, -5916, -2204, 5432, 6656, -32489, 6881, -7516, -2664, 6468, 2368, -32512, 5293, -6371, -2584, 5496, 4512, -32512, 3804, -6099, -2276, 4544, 4564, -32512, 2937, -6280, -2144, 3260, 4672, -32512, 1755, -6844, -1948, 1732, 5872, -32512, 405, -7669, -1668, -640, 7940, -32512, -615, -8723, -1792, -3956, 11176, -32512, -1799, -9596, -1888, -6692, 15268, -32512, -3503, -10311
-2548, -10084, 20284, -32512, -5477, -10514, 480, 1308, 13128, -32512, -2811, -10672, -980, 2484, 3908, -32512, -1835, -10286, -1544, 1112, 5108, -32512, -1044, -10175, -1584, -912, 6076, -32512, -149, -9961, -1528, -2948, 7544, -32512, 827, -10298, -2232, -5484, 9580, -32512, 1847, -10777, -3132, -9088, 13476, -32512, 1459, -10962, -4004, -11892, 17528, -32512, -428, -10784, -5292, -14012, 21952, -32512, -2859, -9780
-6292, -15388, 25788, -32512, -5869, -7924, -404, 3628, 18700, -301, -4303, 2429, -3120, 7256, 2204, -4396, -4728, 3777, -2600, 6816, 1440, -6156, -7193, 4070, -2752, 6972, 20, -8797, -10789, 4395, -1908, 6860, -1600, -12677, -13788, 4345, -1424, 6972, -2240, -17776, -14706, 3973, -40, 6928, -2072, -25888, -13610, 3870, 1240, 6248, -368, -32512, -10969, 4752, 3444, 4732, 2844, -32512, -6385, 4699
4836, 2252, 6316, -32512, 182, 3029, 1428, 5784, 11416, -23736, -7124, -388, -476, 7032, -2996, -32512, -4020, 892, 388, 5972, -1076, -32512, -1872, 2009, 1612, 4092, 1760, -32512, 434, 2482, 2576, 816, 5252, -32512, 3679, 2078, 2108, -2540, 9672, -32512, 7227, 1201, 1200, -5908, 14616, -32512, 9032, 321, 1500, -10552, 20036, -32512, 8439, -993, 1176, -13336, 25732, -32512, 7333, -2871
-696, -15128, 30120, -32512, 7015, -4545, -676, 3268, 7876, -32512, 1829, -59, -1896, 4752, 336, -32512, 1472, 817, -1776, 3888, 2404, -32512, 767, 1308, -192, 2280, 4048, -32512, 1008, 951, 812, -360, 8204, -32512, 556, -566, 1348, -4084, 14232, -32512, -2442, -2724, 1420, -7188, 20904, -32512, -7082, -5216, 628, -9120, 27308, -32512, -10516, -6864, -1468, -10652, 32452, -32512, -10548, -6874
-3152, -11588, 32767, -25445, -7393, -4852, -1772, -4392, 30528, -21542, 3526, -6416, -4200, -2316, 14940, -18617, 6439, -5607, -2624, -5660, 15920, -15513, 2914, -6019, -2364, -7936, 17808, -13304, -2939, -6880, -2380, -10360, 19872, -12211, -7251, -7053, -2984, -11840, 22776, -11398, -7798, -6754, -4412, -12720, 25224, -9735, -5792, -4920, -5636, -12688, 26376, -6679, -4004, -1674, -5140, -11756, 25664, -2502, -2057, 1378
-4476, -10436, 23444, 760, -386, 3387, 296, 2520, 19104, -11918, -2101, -2001, -1636, 5272, 5624, -17004, 585, -1566, -1960, 4060, 6032, -19806, 2087, -1982, -2264, 3516, 5608, -21595, 2596, -1919, -2456, 3096, 5100, -22713, 2027, -1739, -2504, 2880, 4980, -23352, 655, -1470, -1664, 1880, 4564, -24624, -1468, -1854, -392, 744, 5276, -28458, -2625, -3298, -364, -676, 7620, -32512, -2764, -4980
-404, -2844, 10648, -32512, -2076, -6750, 132, 5428, 18072, -20710, -5929, -4068, -652, 7264, 656, -28396, 117, -4593, -1252, 5440, 928, -32512, 4603, -4677, -1888, 4756, 1208, -32512, 6457, -4112, -2376, 4032, 1432, -32512, 5651, -3819, -1760, 2896, 1808, -32512, 3664, -3892, -268, 1076, 2912, -32512, 1459, -5502, 184, -964, 5696, -32512, -191, -8188, 232, -3512, 9420, -32512, -1496, -11425
-768, -5772, 13164, -32512, -3658, -14380, -2384, 2372, 22736, -18621, 3701, -3736, -3764, 3876, 5520, -21540, 4350, -2288, -3364, 3168, 5064, -22215, 3618, -1610, -3480, 2912, 4632, -22663, 2258, -952, -2768, 2832, 4160, -23241, 305, -679, -2088, 2956, 3800, -24059, -1482, -1099, -888, 2156, 3700, -25875, -2417, -2597, 96, 608, 5016, -29988, -2161, -5243, -712, -1300, 7496, -32512, -1541, -7764
-1420, -3896, 11128, -32512, -1560, -10156, 1500, 3556, 16344, -21238, -9749, -2770, -392, 6208, -32, -26814, -6738, -2962, -684, 5548, -500, -31016, -3682, -2884, -888, 4384, -100, -32512, -2248, -2097, 140, 2656, 1472, -32512, -1865, -1837, 1932, 472, 4636, -32512, -754, -2955, 3128, -2088, 8852, -32512, 1782, -6258, 2436, -5144, 13464, -32512, 5191, -10257, -260, -8472, 18156, -32512, 7139, -12668
-3180, -11528, 22896, -32512, 5846, -13034, 1948, 6404, 14024, -30588, -2977, -3592, -628, 6408, -448, -32512, 1697, -3366, -1692, 5188, 928, -32512, 4448, -2723, -2012, 3692, 2132, -32512, 4499, -1592, -976, 1852, 4148, -32512, 3656, -1075, 60, -772, 7124, -32512, 4021, -1900, 556, -2960, 10780, -32512, 5692, -3603, -296, -6020, 13900, -32512, 7885, -5601, -1572, -8644, 17112, -32512, 10075, -7597
-3912, -11600, 20956, -32512, 11978, -8751, 700, 5324, 17780, -19877, -2007, -476, -1252, 7488, 316, -26184, 273, -713, -1456, 6304, 720, -30975, 1934, -1236, -1572, 5352, 1696, -32512, 2689, -1372, -1400, 4536, 2940, -32512, 2963, -1241, -1264, 3384, 4616, -32512, 3080, -1282, -788, 2068, 6400, -32512, 3773, -1887, -316, 492, 8396, -32512, 6107, -3385, -716, -2080, 11376, -32512, 8148, -5193
-768, -5152, 14472, -32512, 8130, -7317, -624, 3764, 19700, -30169, -895, -2789, -2636, 4860, 4568, -32512, 944, -1565, -3440, 4296, 5036, -32512, 1433, -478, -3488, 3708, 5232, -32512, 1587, 620, -2276, 2784, 5460, -32512, 1581, 756, -752, 1216, 6172, -32512, 1347, -517, 324, -836, 8292, -32512, 1534, -3593, 424, -3996, 12324, -32512, 582, -7330, -776, -6684, 16888, -32512, -1440, -10452
-2536, -9164, 21560, -32512, -3386, -12255, 668, 3960, 16228, -13576, -4697, 1095, -1116, 7176, 272, -21743, -3438, 756, -1344, 6168, 920, -27637, -135, 41, -2072, 5380, 1352, -32512, 3422, 54, -2364, 4360, 1432, -32512, 4994, 477, -2484, 3076, 2224, -32512, 4283, 903, -1384, 1616, 3524, -32512, 3315, 899, -548, -200, 5016, -32512, 3769, -94, -272, -1928, 6680, -32512, 5537, -1381
-220, -4384, 9200, -32512, 7319, -3773, -1092, 4372, 21460, -10600, -154, 1390, -1828, 4996, 6184, -15063, 1125, 2748, -1412, 4556, 5300, -18919, 867, 2533, -500, 4232, 4116, -22663, -476, 1392, -12, 3740, 3480, -25994, -2209, -902, -256, 3472, 3808, -28129, -3729, -3305, -1000, 3276, 4180, -28830, -4540, -5020, -1624, 2960, 4688, -28838, -4777, -5637, -1720, 1780, 5636, -29094, -5849, -5749
-332, -1128, 8068, -31224, -8007, -6829, -768, 3948, 8748, -7993, -1416, -308, -1048, 5780, -776, -11829, -2022, -696, -1236, 5368, -244, -14996, -2755, -1740, -1096, 4984, -280, -18164, -3048, -2301, -852, 4200, -176, -21349, -3797, -3075, -64, 2652, 764, -25097, -4849, -4188, 340, 800, 3348, -29979, -6009, -5956, -888, -1140, 7796, -32512, -7216, -7586, -2676, -2272, 12624, -32512, -8258, -7899
-3348, -3300, 16456, -31740, -8599, -7390, -1048, 3496, 18212, -25102, -2012, -4097, -1148, 2552, 4320, -28049, -2004, -3084, -116, 760, 6152, -31588, -2532, -3866, -100, -856, 9196, -32512, -3196, -5184, -404, -2040, 12236, -32512, -3136, -7075, -1816, -2260, 14768, -32512, -2548, -7997, -2472, -3712, 16688, -30595, -3544, -8156, -2768, -5660, 19100, -26257, -7253, -7956, -1972, -8160, 21936, -22173, -11798, -8480
-2216, -9380, 25280, -18602, -14983, -8707, 1208, 2916, 20740, -13291, -5987, -5980, -2380, 6232, 3832, -16661, -4046, -4193, -1940, 4996, 3936, -18080, -2962, -2822, -1764, 4268, 3880, -19679, -2657, -1717, -220, 3100, 3952, -22537, -3162, -1714, 620, 1676, 5480, -26669, -3506, -2551, 852, -28, 8536, -30840, -3801, -3868, 132, -1960, 12044, -32708, -3488, -4725, -1056, -2888, 15384, -31750, -2661, -4392
-1516, -4276, 18152, -29648, -2510, -3411, -384, 824, 13212, -15300, -1647, -1350, -1700, 3084, 4564, -18380, -1211, -568, -2196, 3080, 5212, -19220, -1997, -280, -1552, 2428, 4652, -19583, -3465, -315, -568, 1932, 5040, -20383, -5584, -1314, 524, 368, 6196, -22750, -7647, -2905, 1208, -1684, 9112, -25901, -9054, -4860, 800, -3496, 13228, -28758, -9098, -6486, -724, -4352, 16996, -28531, -7685, -6658
-2284, -5040, 19248, -25422, -6011, -5198, 2244, -336, 20104, -8020, -5165, -3439, -2224, 4364, 5992, -11691, -3860, -2539, -1984, 3628, 5928, -13404, -2587, -2515, -2108, 3080, 5848, -14785, -2046, -2043, -1620, 2796, 5976, -15399, -3320, -1957, -1344, 2804, 6360, -14893, -5559, -2707, -612, 1700, 6940, -14372, -8777, -3980, 164, -96, 8420, -15636, -11736, -5622, -244, -992, 11128, -17433, -12593, -6545
-1204, -1948, 13548, -18031, -11330, -6566, -1296, -1052, 21276, -9678, -923, -3292, -1796, 272, 6228, -12811, 158, -2803, -1860, 540, 6924, -13628, 22, -3058, -1896, 372, 6480, -14267, -1290, -3317, -1436, 512, 6184, -14236, -3331, -3485, -1408, 960, 6300, -13887, -5939, -3819, 440, 116, 6504, -14060, -8208, -5312, 1048, -1844, 8068, -16973, -9295, -7633, -32, -3548, 11256, -20407, -8826, -9361
-1676, -5112, 15096, -21940, -7384, -9925, -796, -1048, 22708, -8927, -1977, -2138, -2268, 2260, 6676, -11000, -1983, -1280, -1472, 2204, 6092, -11027, -3419, -2236, -1360, 2408, 6016, -10904, -5777, -3418, -300, 1444, 5952, -11153, -8731, -5200, -268, -168, 7524, -14012, -10670, -7324, -1568, -1496, 11052, -16142, -11252, -8305, -2724, -3800, 15444, -15766, -12424, -8506, -3836, -5084, 18880, -13982, -13366, -7397
-4216, -5956, 21160, -11159, -13252, -5566, 504, 2612, 18944, -1352, -2384, -1712, -916, 3716, 4932, -7057, -1225, -1816, -1428, 3288, 6060, -9937, -35, -2380, -1908, 2640, 6196, -11677, 510, -2158, -2256, 2480, 6120, -12415, 75, -1657, -2592, 2408, 6552, -11924, -1236, -1135, -1880, 2112, 6408, -10940, -3001, -999, -772, 708, 6760, -11736, -5319, -2268, -732, -368, 8576, -14845, -7202, -3612
