-5188, -9392, 10120, 9, 4, 36, -5028, -3480, 16304, -3282, 4961, 23258, -6684, -1828, 10900, -8081, 6171, 26874, -7344, -2280, 13124, -9699, 6209, 29505, -7504, -2440, 14624, -9232, 5112, 32005, -7604, -2948, 15168, -6852, 3698, 32767, -7868, -3520, 14388, -4650, 1989, 32767, -6956, -4228, 14296, -3893, 1185, 32767, -5348, -4140, 14976, -3466, 1712, 32767, -3972, -3876, 15496, -2976, 3261, 32767
-2104, -3220, 15496, -2554, 3936, 32767, -5984, -6232, 22792, -4573, 8420, 10897, -8256, -3456, 15660, -4502, 5066, 13048, -7532, -3256, 16288, -1500, 2658, 14121, -6444, -2544, 15716, -188, 1271, 14844, -6156, -2392, 15348, 287, 464, 15346, -5700, -2272, 14908, 148, 446, 16019, -4800, -2160, 14600, -312, 987, 16553, -3932, -2120, 14432, -1031, 1926, 16870, -3180, -1528, 14068, -1967, 3087, 17097
-2572, -1180, 13752, -3064, 3475, 17627, -7188, -7340, 25116, -5016, 1848, 7253, -11036, -5148, 12704, -6415, -265, 11617, -10632, -5624, 12608, -6242, -535, 15776, -9160, -6524, 12476, -8520, 333, 19535, -8512, -7588, 12724, -11299, 2064, 22755, -8448, -8796, 13780, -12997, 2697, 25680, -8316, -9832, 15016, -12914, 1521, 28779, -6296, -9480, 16060, -11312, 51, 32044, -3164, -8684, 16752, -10117, 59, 32767
-360, -8020, 17532, -9366, -240, 32767, -4504, -6824, 22748, -1569, 3708, 15489, -5744, -3940, 13016, -5059, 4353, 19265, -5228, -4160, 12704, -6998, 5440, 21212, -4456, -4268, 12656, -9268, 6052, 22491, -4292, -4788, 12768, -10585, 5637, 23305, -4588, -5112, 13292, -10735, 4169, 24308, -4120, -5148, 13896, -10401, 2456, 25757, -2896, -5084, 14196, -10394, 2308, 27833, -1612, -4816, 15120, -10988, 3371, 30201
-420, -4796, 16076, -11299, 4425, 32324, -2664, -6172, 31844, -739, 3040, 7623, -6292, -2556, 14576, -2730, 3969, 9181, -5748, -3476, 14400, -2389, 4005, 9946, -5316, -3164, 13836, -2802, 3179, 10674, -4604, -3488, 13528, -2969, 2229, 10939, -3788, -3556, 14012, -3086, 1167, 10715, -2060, -3384, 13852, -3671, 1227, 9536, -1784, -3388, 14192, -4569, 1476, 8218, -2236, -3432, 14760, -4812, 736, 8037
-1960, -2692, 15244, -4386, -113, 9488, -1064, -5516, 30624, 536, 3396, 5680, -5728, -2168, 15308, -1343, 3073, 7986, -4988, -2916, 14900, -913, 3202, 9171, -4920, -2828, 14220, -1506, 3049, 10245, -4508, -3112, 14104, -1947, 3108, 11135, -4432, -3436, 14284, -2154, 2769, 12118, -4064, -3544, 14060, -2154, 2583, 12369, -3764, -3628, 14284, -1832, 2154, 13038, -3300, -3352, 14276, -1290, 1503, 13884
-2224, -2736, 14300, -832, 1055, 14950, -2148, -5896, 30556, -2278, 3376, 8780, -6132, -2764, 14492, -5121, 5436, 10738, -5340, -3876, 14512, -5648, 6452, 11793, -5300, -4072, 15204, -6115, 6311, 12414, -4868, -4400, 15408, -5549, 5342, 13058, -4632, -4356, 15484, -4351, 3590, 13351, -3748, -3848, 15468, -2916, 1986, 13827, -2424, -3460, 15380, -1815, 1143, 14280, -1140, -3080, 15244, -1549, 1213, 14631
312, -2324, 14808, -2062, 2169, 14808, -5072, -7036, 20992, 3384, 1397, 13368, -5680, -4248, 13996, 971, 3223, 15892, -4704, -4736, 13424, -316, 4404, 17030, -4036, -4704, 13004, -2319, 4919, 17429, -3660, -4656, 13140, -3588, 4917, 17240, -3348, -4744, 13336, -3960, 3954, 16968, -2980, -4644, 13620, -3419, 2534, 16434, -1856, -4256, 13596, -2505, 1050, 15800, -744, -3736, 13448, -2311, 72, 15190
396, -3356, 13376, -2798, -340, 14867, -3628, -6512, 29448, 1855, 1874, -501, -6304, -3792, 13152, 71, 1219, 998, -8196, -4808, 12644, -583, 934, 1337, -10236, -5024, 12644, -1790, -220, 2571, -10996, -5344, 13000, -2345, -1099, 5263, -11404, -5268, 13532, -2487, -863, 9158, -10084, -5236, 13804, -2443, 224, 13001, -8320, -5160, 13548, -2641, 919, 16088, -6176, -4920, 13644, -3197, 1570, 17847
-3824, -4456, 13908, -3889, 2404, 18543, -4912, -6920, 26620, 778, 2811, 2161, -7408, -4052, 13796, -1420, 1776, 3933, -8772, -3872, 13968, -1216, 1331, 5082, -8828, -3872, 14028, -1754, 1024, 6746, -8396, -4188, 14076, -1964, 1475, 8637, -8060, -4196, 14212, -2216, 1902, 10401, -7232, -4540, 14184, -2244, 2262, 11876, -6508, -4864, 14000, -2144, 2642, 13109, -5708, -5048, 13904, -2687, 3093, 14105
-4984, -5212, 13668, -3379, 3753, 15045, -5708, -7384, 31868, 2547, 1819, 885, -9976, -4332, 15028, 1046, 2525, 2983, -9824, -5088, 13356, 763, 2996, 5272, -10320, -4896, 13380, -237, 3107, 8339, -9700, -4708, 13488, -1427, 2942, 11662, -8508, -4852, 13644, -2346, 3200, 14282, -7212, -4672, 13748, -3349, 3869, 16196, -5376, -4828, 13852, -4078, 4768, 17109, -3740, -4448, 14188, -4869, 5653, 16691
-2708, -4220, 14116, -5666, 6081, 15761, -5464, -6352, 32767, 2853, -1635, -445, -9280, -3104, 15956, 1349, -1124, 1832, -9028, -3952, 14860, 589, 307, 3104, -9416, -3868, 14708, -1492, 1817, 4927, -9644, -4112, 14884, -2453, 3338, 7112, -9340, -4072, 14844, -2941, 4153, 9502, -8868, -4328, 14724, -2946, 4613, 11810, -7648, -4520, 14804, -2750, 4589, 13792, -6416, -4692, 15208, -2698, 4678, 15074
-4912, -4896, 15568, -2863, 5197, 15703, -5228, -6756, 32767, -614, 4514, 3681, -9176, -4024, 16156, -2596, 5787, 6283, -8356, -4544, 15900, -2753, 7663, 7321, -7436, -4280, 15696, -3771, 8806, 8035, -6992, -4724, 15520, -4346, 9235, 8884, -6752, -4812, 15764, -4057, 8366, 10215, -5832, -5060, 16200, -3140, 7226, 11856, -4424, -4960, 16536, -1872, 6642, 13709, -2852, -4420, 16360, -767, 6700, 15796
-1068, -3884, 16088, -572, 7293, 17724, -4968, -5028, 26960, -912, 4876, 8699, -8280, -4088, 14668, -3452, 4462, 10255, -8456, -4940, 15756, -3511, 5140, 11721, -7996, -5260, 15900, -3888, 5794, 13736, -7624, -5796, 15744, -3884, 6251, 16259, -6652, -6004, 15400, -3789, 6045, 18683, -4868, -6468, 15300, -3939, 6372, 20660, -3424, -6236, 15348, -3735, 5893, 21965, -1152, -5196, 15624, -3917, 5671, 23252
1376, -3764, 15824, -3241, 6351, 24358, -4592, -4320, 20008, -1663, 2521, 4450, -6280, -2228, 13316, -4193, 3364, 5312, -7152, -2692, 13792, -4281, 3105, 6047, -6932, -3060, 13644, -4349, 2506, 7351, -6360, -3600, 13580, -4291, 2672, 8705, -6224, -4024, 14288, -4286, 2744, 10323, -5940, -4412, 14664, -4731, 2969, 11974, -5456, -4872, 15396, -5186, 3706, 13737, -5032, -5356, 15988, -5473, 4574, 15419
-4440, -5292, 16376, -5517, 5056, 17060, -1832, -2772, 24848, -377, 4120, 3470, -6108, -1920, 12408, -3581, 3520, 4365, -6904, -3104, 13016, -4517, 2998, 5029, -7200, -3456, 13720, -5212, 2842, 6750, -6988, -4148, 14048, -5336, 3077, 9080, -6688, -4360, 14100, -5382, 3372, 11834, -6152, -4732, 14588, -5618, 3413, 14390, -5140, -4940, 14728, -5735, 3773, 16670, -4312, -4996, 14972, -6180, 4655, 18546
-3856, -4748, 15020, -6595, 5344, 19951, -2608, -4976, 30160, -750, 2155, 6797, -5888, -1416, 13092, -3225, 1871, 8268, -4996, -2256, 12552, -4126, 1618, 8856, -4872, -2848, 13700, -5570, 1192, 9416, -4676, -3496, 14720, -6216, 921, 10188, -4856, -3816, 15780, -6070, 624, 11384, -4460, -4012, 16260, -5169, 284, 12890, -3660, -3988, 15948, -4373, 391, 14259, -2928, -3840, 15792, -4298, 713, 15612
-1728, -3976, 15900, -4488, 1113, 16813, 56, -6460, 28848, 4331, 3221, 21590, -5072, -2256, 13808, 1095, 4541, 27138, -4352, -3948, 13944, -481, 6993, 31427, -3996, -4292, 15068, -1709, 8619, 32767, -2604, -4524, 15816, -1231, 9945, 32767, -2696, -4876, 15936, -378, 9279, 32767, -2164, -4356, 16464, 1557, 6672, 32767, -1416, -3780, 15364, 2843, 4675, 32767, -44, -3592, 14720, 3194, 4187, 32767
1952, -2672, 14716, 2218, 6261, 32767, -800, -6348, 27104, 223, 8856, 17885, -2612, -3520, 11516, -5845, 12099, 19735, -4308, -3976, 11944, -9817, 12290, 21442, -5208, -4332, 14648, -11457, 9336, 24238, -4668, -5092, 17696, -8415, 5987, 27376, -2612, -4636, 17852, -4138, 4917, 29105, -2068, -4864, 15648, -2960, 5580, 30512, -2180, -5216, 15040, -3895, 5680, 32460, -2332, -5072, 16272, -4336, 5528, 32767
-1644, -5124, 17624, -2947, 4974, 32767, -3028, -4940, 19604, 1489, 2477, 18833, -4012, -3184, 13636, -1098, 3690, 21558, -3600, -3764, 13540, -2731, 4377, 22773, -3320, -4176, 13144, -5285, 5369, 23951, -3824, -4680, 14036, -7045, 6065, 25010, -4752, -5108, 14692, -7271, 5861, 26421, -5320, -5732, 15040, -6504, 5217, 28488, -4516, -5944, 15044, -5465, 4748, 30322, -2916, -5888, 15084, -5192, 5416, 31584
-1580, -5524, 15464, -5309, 6109, 32052, -1452, -4756, 30820, 3143, 90, 5288, -5564, -1792, 13228, 33, 1143, 7841, -5264, -2424, 13284, -1369, 1622, 8513, -6240, -2052, 13728, -2680, 2191, 8615, -7088, -2748, 13908, -3526, 2420, 9013, -7724, -3008, 14080, -3753, 1881, 10061, -7092, -3140, 14012, -3625, 1957, 11131, -6304, -2960, 13536, -3380, 3048, 12402, -5520, -3136, 13408, -3736, 3823, 13177
-4628, -3536, 13688, -4434, 4106, 14043, -3680, -4856, 25968, 421, 6243, 7402, -4124, -3028, 13944, -1163, 5951, 9046, -4336, -3208, 13768, -1071, 5836, 9821, -3704, -3512, 13748, -1811, 5298, 10696, -3340, -3664, 13668, -2216, 4949, 11321, -2904, -3724, 13516, -2812, 4427, 11654, -2192, -3652, 13760, -3255, 3940, 12377, -1144, -3408, 13864, -3642, 3511, 13033, 224, -2812, 14436, -3734, 3149, 13984
1408, -2620, 15156, -3434, 3077, 14944, -3436, -5376, 31876, 682, 2399, 5728, -4352, -2328, 14748, -1093, 2993, 7948, -4636, -2176, 13764, -742, 2186, 9120, -4224, -2420, 14172, -962, 1353, 10078, -3492, -2508, 13944, -1371, 1155, 10705, -3288, -2728, 13972, -1794, 1518, 11297, -2916, -2968, 13700, -2917, 1694, 11965, -2760, -3128, 13988, -4093, 1882, 12419, -2168, -3648, 14680, -4689, 1873, 13540
-1236, -3684, 15028, -4511, 2154, 14539, -5712, -5336, 24140, 1320, 2298, 3092, -6956, -3228, 13228, -462, 2271, 4431, -7968, -3496, 13960, -545, 2297, 5174, -8108, -3972, 14060, -1277, 2667, 6511, -8332, -4396, 14592, -2052, 3159, 8344, -8164, -4808, 14992, -2717, 3461, 10523, -7220, -5348, 15420, -2701, 4087, 12556, -5804, -5516, 15424, -2451, 4823, 14372, -4776, -5768, 15472, -2472, 5320, 15442
-4040, -5752, 15684, -2305, 5157, 16330, -1788, -6360, 26404, -1907, 6104, 8775, -3100, -4244, 14136, -3469, 5118, 9234, -3284, -4408, 14516, -2447, 3870, 9996, -2464, -4332, 14724, -2191, 3478, 11570, -1728, -4064, 14220, -2565, 4561, 13811, 140, -3728, 14408, -3086, 5610, 15594, 2140, -3048, 14832, -3513, 6812, 16141, 3524, -2484, 14444, -3918, 7293, 15332, 3988, -2180, 14644, -4266, 6701, 13905
3752, -1892, 15476, -3558, 5337, 12665, -4752, -5088, 27800, 1858, -371, -490, -6808, -1648, 12896, -1094, 138, 470, -7768, -2460, 13452, -1640, 293, 995, -8508, -2980, 14328, -2698, 360, 1993, -9016, -3552, 15532, -2611, 595, 3782, -9088, -3992, 15768, -1935, 855, 6365, -8324, -4264, 15672, -1259, 1376, 8965, -7256, -4572, 15752, -847, 2345, 10963, -6364, -5204, 15812, -624, 3240, 12297
-5740, -5044, 16072, -673, 4102, 13703, -6968, -6548, 28596, 1882, -800, 380, -8904, -4148, 14972, 691, 439, 4168, -9172, -3936, 15296, 1643, 1575, 7947, -8184, -3932, 14820, 965, 3417, 10980, -7236, -4220, 14376, -385, 5135, 12988, -6276, -4432, 15020, -1611, 5717, 13995, -5340, -4668, 15848, -1902, 5447, 14327, -4856, -4832, 16280, -1332, 4835, 14584, -4116, -4720, 16452, -544, 3825, 15527
-2536, -3968, 16280, 92, 3737, 17554, -3240, -6712, 32608, -813, 289, -343, -8680, -2540, 15048, -2673, 979, 865, -8732, -3756, 14716, -2607, 1552, 1927, -9272, -3596, 15520, -2484, 2286, 4051, -8748, -4168, 15280, -2133, 3252, 6878, -8224, -4456, 15184, -1966, 4232, 9819, -6916, -4548, 15188, -2059, 5195, 12462, -5372, -4636, 14960, -1988, 5701, 13973, -4128, -4588, 14980, -2331, 5449, 14764
-2816, -4560, 15216, -1867, 5151, 15236, -4448, -6340, 23280, 328, 2957, 7593, -6124, -3660, 14944, -2355, 3795, 9010, -6416, -4364, 14892, -2573, 4676, 9628, -6896, -4304, 15336, -2904, 4463, 10255, -7244, -4776, 15248, -2625, 4172, 11839, -7080, -4636, 15464, -2145, 3564, 13842, -6112, -5072, 15188, -1906, 3422, 16128, -4864, -5176, 14992, -1834, 4023, 18234, -4128, -5088, 14832, -2169, 4723, 19942
-2900, -5168, 14808, -2559, 5168, 21225, -7128, -6724, 31744, 3876, 3150, 6258, -8680, -4284, 13372, 1872, 3018, 9484, -9116, -3096, 12768, 1217, 3029, 11599, -8292, -3108, 13160, -736, 3387, 12791, -7356, -3596, 14280, -2240, 4029, 13781, -6680, -3836, 14968, -2717, 4116, 14207, -5900, -4196, 15344, -2417, 3416, 14522, -4820, -4132, 15456, -2080, 3130, 14813, -3904, -3996, 14948, -2085, 3383, 15693
-2268, -3856, 14832, -2244, 4089, 17174, -1600, -4956, 32767, 1750, 2906, 8778, -6236, -1432, 14680, -827, 3564, 9095, -6712, -2280, 13624, -1209, 2338, 8882, -7496, -2740, 14028, -1614, 604, 9327, -7320, -3760, 13940, -1341, -640, 10681, -6620, -4752, 14084, -1246, -1082, 12249, -5796, -5392, 14488, -1280, -453, 14556, -4884, -5792, 14984, -1323, 630, 16607, -3552, -5924, 15560, -1437, 1469, 18312
-1996, -5504, 15508, -1606, 2357, 19170, -8440, -4616, 27636, 1974, 1405, -2823, -9340, -2336, 13840, -848, 2153, 446, -10080, -1948, 14280, -1326, 2822, 2047, -9592, -2536, 14008, -2463, 3026, 3397, -9368, -2876, 14308, -2932, 3066, 4693, -9160, -3284, 14956, -2853, 3700, 6410, -8744, -4004, 15692, -2503, 4367, 8746, -7892, -4536, 16172, -1964, 4956, 11158, -7112, -4892, 16108, -1375, 5291, 13243
-6196, -4996, 16336, -758, 5427, 15225, -8272, -4940, 23376, 2260, 2091, -309, -9864, -2572, 15584, 89, 4338, 1704, -10232, -2448, 15548, 448, 5633, 3529, -9536, -2908, 14904, 216, 6591, 5495, -9208, -3108, 14576, 459, 7163, 7497, -8564, -3212, 14044, 715, 7508, 9480, -7608, -3304, 13984, 1002, 7571, 11241, -6448, -3396, 13296, 755, 7647, 12417, -5560, -3640, 13228, 215, 7565, 13111
-4812, -3940, 13220, -246, 7239, 13811, -8332, -5648, 27088, 2841, 252, -7216, -10260, -3712, 15968, 638, 509, -5253, -10976, -4160, 16120, 670, 1063, -2805, -11272, -4084, 16648, -1, 1932, 132, -11212, -4172, 16800, -262, 3532, 3542, -10572, -4280, 16884, -252, 5549, 6847, -9740, -4216, 16456, -311, 7369, 10030, -8972, -4264, 16308, -232, 8671, 12604, -7872, -4504, 16476, 116, 8818, 14608
-6496, -4352, 16284, 571, 8497, 15712, -5900, -5180, 32752, 2148, 3619, 6497, -7348, -3876, 16468, 260, 4913, 8866, -6732, -4408, 16088, 670, 5409, 10900, -5888, -4300, 15672, 492, 5595, 12164, -5448, -4584, 15264, 211, 5584, 13528, -4768, -4924, 15060, -75, 5128, 14491, -4192, -5012, 15260, -186, 4492, 15365, -3500, -5280, 15488, 218, 3800, 16275, -2484, -5556, 15316, 797, 3427, 17153
-1612, -5264, 15232, 1182, 3803, 18001, -7608, -5908, 29992, 3858, 515, 2070, -8384, -2988, 13596, 1165, 2023, 5103, -7992, -3156, 14116, 147, 2884, 6811, -7656, -3092, 15008, -491, 2841, 7644, -7012, -3512, 14988, -581, 2505, 8306, -6864, -3756, 14904, -578, 2465, 9303, -6420, -3924, 14908, -327, 2869, 10839, -6032, -3888, 14592, 215, 3119, 12534, -5020, -4136, 13960, 338, 3340, 14239
-3712, -4312, 14140, -141, 3875, 15195, -7072, -5908, 31440, -2014, 3449, -1247, -9120, -2920, 14196, -5206, 5179, 988, -10228, -3360, 14880, -5407, 4864, 2180, -10496, -4040, 16148, -5181, 3157, 3254, -11284, -4660, 16800, -3788, 1036, 4421, -11320, -4784, 16636, -2322, -324, 6234, -10944, -5236, 16248, -1510, -641, 8762, -10056, -5360, 16180, -834, -467, 11641, -8340, -5304, 16168, -456, 507, 14098
-6432, -5116, 15864, -888, 2483, 15856, -4792, -6792, 32767, 4368, 4889, 14869, -6360, -3012, 16076, 1672, 5742, 16168, -4328, -2644, 15012, 1067, 6020, 15814, -3904, -2304, 14916, 413, 5033, 15395, -3112, -2476, 14324, 142, 3911, 15589, -2744, -2548, 14560, 288, 3273, 16551, -1800, -2524, 14540, 607, 3137, 17923, -540, -2424, 14400, 912, 3127, 18727, 536, -2360, 14296, 927, 3435, 18940
1528, -2380, 14052, 47, 4133, 18687, -9780, -6400, 32288, 925, -926, -4652, -10584, -3328, 17964, -1018, 1646, -1725, -12072, -3880, 17688, -996, 3372, 169, -12792, -3700, 17900, -1003, 4547, 2328, -13248, -3976, 17808, -323, 5084, 4580, -12556, -3936, 16932, 166, 5751, 7327, -11340, -3972, 16596, 546, 6581, 9707, -9892, -3864, 15520, 502, 7825, 12129, -8568, -3948, 14756, 413, 8805, 13812
-7176, -3840, 14308, 213, 9128, 15227, -6960, -6312, 32767, 4124, 387, 6905, -7468, -3728, 15424, 2115, 1277, 9884, -7128, -3464, 15436, 2024, 2950, 12577, -6156, -3348, 15896, 1293, 4348, 14491, -5168, -3988, 15620, 531, 5598, 16384, -4308, -4088, 16020, 281, 5585, 17595, -3116, -4324, 16164, 540, 5041, 18221, -2060, -4324, 15904, 1037, 4367, 18517, -1032, -4220, 15484, 1491, 3877, 19038
400, -3952, 14924, 1755, 3975, 19987, -6852, -7112, 32767, 993, 388, 3790, -9204, -4700, 20080, -64, 1623, 6313, -8404, -4556, 19464, 1337, 3514, 9077, -7748, -4788, 19040, 1856, 5070, 12033, -6476, -4740, 17952, 2507, 5973, 14783, -5188, -4504, 17068, 2863, 6106, 16552, -3748, -4444, 16780, 2908, 5647, 17230, -2324, -4420, 16468, 3131, 4850, 17128, -1208, -4420, 16136, 3373, 4242, 16665
-636, -4572, 15992, 3671, 3628, 16665, -9160, -6556, 32767, 1109, -1040, -3491, -10924, -3976, 17344, 561, -1500, -477, -10552, -4024, 16680, 935, -366, 2740, -10376, -3524, 16620, 447, 1819, 5433, -9788, -4080, 16468, -36, 4335, 8149, -9396, -3912, 16852, 114, 5747, 10229, -8548, -3960, 16676, 213, 6109, 11864, -7544, -4036, 16500, 690, 5957, 12984, -6588, -4452, 16448, 1217, 5445, 14140
-5528, -4464, 16176, 1670, 5331, 15155, -6184, -6100, 32767, 1271, 1068, -2698, -9284, -3064, 17164, -1301, 2432, -267, -9508, -3348, 17080, -1395, 3349, 1790, -10116, -3300, 17368, -1151, 4036, 3837, -9920, -3668, 17320, -122, 4682, 6123, -9544, -3808, 17012, 869, 4956, 8634, -8424, -3852, 16564, 1680, 5317, 10861, -7436, -3908, 15912, 2147, 5967, 12717, -6220, -4288, 15588, 2276, 6179, 14501
-5148, -4164, 15492, 2401, 6266, 15855, -4640, -5160, 22212, 1015, 3153, 10036, -5128, -3076, 14416, -1143, 3333, 12252, -4880, -3316, 14664, -1270, 3667, 13388, -3400, -3876, 15076, -1809, 3902, 14404, -2692, -4252, 16148, -1726, 4081, 15220, -2180, -4596, 16676, -1204, 4188, 16218, -1384, -4648, 16812, -661, 4225, 17136, 36, -4640, 17144, -255, 4570, 17833, 1320, -4084, 17252, 79, 5417, 18307
2716, -3324, 16964, 348, 6503, 18662, -5400, -4704, 22508, 1355, -962, 1065, -6984, -2404, 14604, -1296, 1838, 3050, -7896, -2452, 15316, -1845, 3078, 5082, -7732, -2772, 15864, -1600, 3606, 7039, -6564, -3124, 15872, -1372, 3589, 8636, -5788, -3264, 16140, -1008, 3516, 9780, -5208, -3448, 16584, -480, 3428, 10868, -4568, -3716, 16704, 315, 3475, 11910, -3816, -3992, 16624, 873, 3628, 13160
-3044, -4188, 16276, 1012, 4298, 14364, -4172, -6564, 32767, 14, 4111, 7783, -5908, -3364, 14936, -1779, 4019, 10093, -5852, -2824, 14672, -1277, 4108, 11884, -5312, -3000, 14888, -1337, 3862, 13438, -4176, -2900, 14640, -1263, 4097, 14675, -3176, -2856, 14952, -1486, 4751, 15242, -2276, -3248, 14820, -2050, 5482, 15478, -1692, -3560, 15416, -2567, 5919, 15735, -1368, -3656, 15956, -2495, 5872, 16305
-420, -3800, 16604, -1740, 5099, 17550, -7284, -5864, 32767, 2070, -593, -1474, -9872, -2968, 15968, -441, 1063, 1501, -9660, -3540, 15532, -1025, 2673, 3767, -9916, -3856, 16376, -1644, 3408, 5991, -9936, -4396, 17024, -800, 3996, 8339, -9240, -4700, 16872, -139, 4351, 10685, -8376, -4868, 16460, 423, 4804, 12622, -7600, -5040, 16108, 621, 5413, 14868, -6820, -5104, 15512, 708, 5771, 16986
-5380, -5168, 15100, 704, 6039, 18759, -9412, -4404, 31920, 2075, -679, -2507, -12108, -3412, 16924, -93, 1124, 821, -12888, -3400, 17164, 399, 2938, 3611, -12180, -3764, 17112, -21, 4351, 6642, -11244, -4088, 16788, -22, 5402, 9349, -10268, -4336, 16224, 112, 5758, 11772, -9468, -4356, 15836, 580, 5732, 13792, -8064, -4528, 15040, 1087, 5405, 15296, -6744, -4492, 14284, 1151, 5176, 16219
-5612, -4588, 13808, 879, 4894, 17409, -4580, -5036, 32767, -18, 2821, 6073, -6124, -2420, 17408, -988, 2863, 7439, -5748, -1968, 17024, 46, 2481, 8429, -4876, -2200, 16332, 719, 2094, 9256, -4000, -2388, 15772, 1238, 1832, 10283, -3436, -2692, 15036, 1490, 2040, 11628, -2852, -2980, 14292, 1448, 2507, 13348, -1280, -3220, 14060, 1044, 3302, 15067, 576, -3464, 14220, 562, 3951, 16243
2724, -3232, 14604, 338, 4365, 16478, -7672, -5064, 31200, 2073, 488, -1990, -9032, -2708, 15564, -410, 1269, -107, -11232, -2624, 16172, -915, 2004, 1027, -12356, -3652, 17432, -1072, 2241, 3254, -12444, -4156, 17908, -203, 2592, 6318, -11652, -4596, 17568, 169, 3477, 9772, -10248, -4560, 17340, 469, 4651, 13240, -8672, -4552, 16800, 1105, 5626, 15971, -6652, -4548, 16112, 1575, 5739, 18355
-3576, -3952, 15344, 1821, 5969, 19812, -6764, -4260, 25444, 753, 3460, 5346, -7244, -2024, 15476, -853, 3329, 7246, -7112, -2148, 15388, -99, 2712, 8752, -6104, -1972, 15620, 535, 2131, 10183, -5352, -2312, 15244, 920, 2509, 11289, -4792, -2656, 15320, 780, 3030, 12508, -3956, -3272, 16180, 473, 3849, 13814, -3288, -3852, 17036, 393, 5031, 15132, -2708, -4564, 17444, 618, 5885, 16635
-1360, -4480, 17596, 1120, 6316, 18406, -8380, -5808, 26796, 2998, 3189, 1026, -9680, -2756, 12692, 311, 3467, 3958, -10204, -2536, 13004, -588, 4290, 6401, -9884, -2956, 13664, -2091, 4875, 8435, -9380, -3004, 14376, -2958, 5980, 9899, -9160, -3424, 15152, -3711, 7349, 11240, -8792, -3720, 15824, -3640, 7948, 12707, -7664, -4424, 16304, -3127, 7760, 14126, -6376, -5048, 16768, -2324, 6725, 15501
-4420, -5668, 17188, -1206, 5237, 16797, -8276, -4352, 32388, 1285, 1570, 2771, -11256, -2952, 17016, 358, 2803, 5556, -11408, -2712, 16520, 1054, 3798, 8006, -10012, -2068, 15744, 272, 5150, 9846, -9340, -2384, 15612, -128, 6328, 11379, -8636, -2672, 15316, -559, 6555, 12717, -8016, -3056, 15668, -341, 6054, 14325, -6816, -3488, 15636, 310, 5294, 15854, -5296, -3928, 15384, 791, 4677, 17230
-3332, -4032, 15268, 778, 4627, 18396, -9996, -5272, 31128, 1153, -933, -2756, -11240, -2856, 18172, -29, 483, 311, -12408, -2844, 17592, 719, 2096, 2784, -12544, -3464, 17076, 472, 2984, 5613, -12084, -3732, 16804, 676, 3721, 8835, -10812, -4052, 16244, 919, 4574, 12091, -9104, -3840, 15900, 912, 5520, 14607, -7732, -4308, 15336, 606, 5524, 16791, -5944, -4384, 15404, 983, 4658, 18493
-3572, -4400, 15176, 1447, 3893, 20066, -4068, -5820, 32767, 1536, -1762, -1807, -6968, -1608, 18472, -1475, 747, 605, -7592, -1612, 18492, -1658, 2174, 1966, -8096, -1944, 18824, -1582, 2445, 3115, -8416, -2348, 18912, -1301, 2722, 4458, -8468, -2728, 18976, -545, 3178, 6365, -7800, -2980, 18692, 896, 3874, 8543, -6776, -3328, 17636, 1858, 5326, 10922, -5752, -3396, 16972, 2175, 6877, 12918
-4628, -3608, 16432, 2249, 8055, 14669, -7272, -4324, 26248, 56, 601, 1458, -8940, -2672, 15772, -1144, 1199, 4849, -8256, -3012, 15468, -658, 2612, 7984, -7628, -3268, 15336, -940, 4278, 10883, -6300, -3632, 15700, -1200, 4996, 12687, -5164, -3700, 15916, -1279, 5117, 13933, -4328, -4164, 15832, -1120, 4372, 14635, -3492, -4460, 16436, -764, 3049, 15478, -2264, -4428, 17128, 214, 1894, 16437
-704, -4252, 17612, 1092, 2048, 17542, -9268, -3164, 32767, -1185, -103, -4202, -11396, -2436, 16348, -1520, 861, -330, -11276, -2640, 16520, -776, 1041, 2800, -10204, -3236, 17208, -1176, 1892, 5334, -9936, -3412, 17704, -991, 3295, 7180, -9960, -3596, 18244, -418, 4048, 9298, -8740, -3560, 17348, 400, 4743, 11534, -7888, -3532, 17032, 610, 5308, 13321, -6888, -3448, 16052, 581, 5360, 14987
-5920, -3352, 15860, 881, 5527, 16383, -4668, -5256, 32412, -2213, -99, -8389, -8040, -3116, 18040, -3274, -205, -6304, -9804, -3092, 18612, -2020, -705, -4127, -10248, -3332, 18828, -1394, -66, -1311, -10548, -3668, 18596, -1190, 1306, 1779, -10864, -4004, 18468, -688, 2470, 5119, -10280, -3804, 17916, 246, 3138, 8113, -9464, -3792, 17068, 1084, 3518, 10724, -8656, -3932, 16624, 1779, 3965, 13103
-7696, -3820, 16116, 2215, 4567, 15136, -5492, -3688, 29968, -1295, 5288, 5878, -8292, -3172, 15392, -3223, 6532, 7317, -8308, -3564, 15420, -2963, 7177, 8816, -8112, -3752, 15152, -2722, 6610, 10549, -7624, -3840, 15012, -2285, 5990, 11942, -7072, -3604, 15284, -2046, 5325, 13294, -6508, -3404, 15696, -1648, 5134, 14019, -6072, -3532, 15880, -1454, 5054, 14477, -5904, -3692, 15896, -1535, 4923, 14870
-5372, -3900, 16028, -1643, 4997, 15496, -9984, -5596, 27156, -621, 871, 627, -10960, -3668, 17592, -1159, 1609, 3180, -10744, -3824, 17200, -50, 2076, 5757, -9644, -3672, 16836, -73, 3064, 8185, -8772, -3708, 16148, -53, 4438, 10492, -7640, -3572, 15616, -345, 5832, 12231, -6412, -3736, 16040, -945, 7179, 13633, -5616, -4000, 16112, -1129, 7662, 14563, -4220, -4032, 16540, -1108, 7615, 15188
-2668, -3940, 16724, -674, 7242, 15994, -7096, -4628, 22952, 2152, -84, 1670, -8232, -3476, 16304, 1082, 339, 3232, -8904, -3276, 15716, 1301, 613, 5019, -8672, -3236, 15288, 462, 1524, 6595, -8600, -3328, 15392, -278, 2957, 8461, -8400, -3644, 15328, -567, 4088, 10538, -7696, -3732, 15188, -421, 4564, 12465, -6752, -3496, 14348, -520, 5034, 14183, -5928, -3452, 14256, -427, 4993, 15087
-4884, -3328, 13972, -444, 5042, 15913, -7020, -7440, 32767, 2862, -268, 173, -9760, -3804, 16052, 786, 2050, 4398, -9840, -3984, 15288, 459, 4308, 7924, -9060, -4156, 15384, -676, 5805, 11431, -7504, -4052, 15256, -1040, 6776, 13764, -6288, -4284, 15268, -1597, 7400, 15279, -5576, -4196, 15380, -1338, 6815, 16343, -4468, -4216, 15460, -17, 5207, 17152, -3344, -3912, 15232, 1281, 3273, 17835
-1508, -3640, 14776, 2186, 1864, 18357, -6492, -7588, 32767, 1982, 2086, 10936, -8128, -4068, 16620, 587, 4394, 14077, -6052, -4124, 14856, 712, 6002, 15433, -4996, -3712, 14492, 39, 6333, 16003, -4200, -3864, 14128, -307, 5667, 16558, -3448, -4080, 14292, -51, 4138, 17161, -2308, -4332, 14628, 687, 2915, 17924, -1224, -4344, 14664, 1419, 2146, 18704, 328, -4220, 14636, 1889, 2020, 19463
2200, -3680, 14576, 1842, 2695, 19914, -7240, -6468, 32308, 345, 3084, 528, -8208, -3916, 15300, -1884, 4576, 2280, -9396, -3716, 14884, -1387, 5090, 3889, -9244, -3852, 14608, -1518, 4504, 5774, -8748, -4040, 14272, -1563, 4063, 7569, -7936, -3972, 14580, -1648, 3861, 9096, -6956, -4052, 14916, -1663, 4111, 10267, -5800, -3800, 15240, -1568, 4393, 11311, -4348, -3928, 15720, -1347, 4589, 12548
-1848, -3208, 15568, -1086, 5350, 13372, -9464, -7712, 30268, 4982, -1488, 2329, -9680, -4352, 15780, 3345, -21, 5297, -10224, -4128, 14912, 3025, 1771, 8108, -9136, -4044, 14396, 1567, 3667, 10718, -8000, -3824, 14096, 182, 6192, 12511, -7484, -3996, 14304, -1028, 7624, 14265, -6360, -3716, 14904, -1449, 8049, 15303, -5592, -4356, 15124, -1081, 6972, 16214, -4296, -4692, 15528, 161, 5472, 17312
-2676, -4616, 15796, 1617, 3946, 18911, -7700, -6288, 24620, 2722, -1398, -1237, -9508, -3300, 16444, 1446, -926, 1481, -9312, -3988, 15784, 1700, -498, 3321, -8948, -3572, 15656, 992, 20, 5184, -8276, -3552, 15568, 654, 1140, 7031, -7536, -3728, 15340, 432, 2566, 8593, -6912, -3980, 15528, 137, 3720, 9841, -6452, -4524, 15796, -85, 4449, 11152, -5800, -4904, 15824, 257, 4602, 12495
-4816, -5076, 15716, 652, 4438, 13936, -5524, -5160, 24792, 1230, 3827, 5286, -6524, -2668, 15140, -1270, 4883, 6374, -6868, -3020, 15092, -1054, 4072, 6855, -6648, -3032, 15180, -739, 2358, 7688, -6032, -3296, 14640, -91, 1181, 8763, -5412, -3260, 14160, 189, 723, 10266, -4792, -3576, 14516, 427, 546, 11885, -3996, -3688, 14504, 590, 639, 13504, -3096, -3884, 14628, 606, 1263, 14973
-2168, -4200, 14704, 333, 2376, 16179, -7576, -6268, 23768, 3381, -333, 2086, -8304, -4240, 16372, 1527, 2057, 5151, -8032, -4500, 15824, 1364, 3360, 7550, -7552, -4508, 15500, 730, 4403, 9977, -6644, -4536, 15348, 542, 4755, 12017, -5820, -4676, 15448, 688, 4433, 13414, -4908, -4884, 15496, 1184, 3733, 14645, -3996, -4900, 15436, 1881, 3296, 15850, -3144, -5032, 15388, 2305, 3323, 17013
-2124, -5016, 14984, 2300, 3653, 18038, -6060, -5576, 28100, 1573, 1725, 5621, -6808, -3264, 14292, -261, 2029, 7482, -6636, -3420, 14436, -229, 1966, 8699, -5872, -3320, 14628, -256, 2080, 9602, -5460, -3540, 14676, -767, 2535, 10347, -5208, -4044, 14404, -1042, 2574, 11226, -4892, -4344, 14488, -1150, 2668, 12538, -4316, -4700, 14768, -1101, 2773, 14378, -3352, -4948, 15252, -966, 3017, 16375
-2108, -5088, 15576, -732, 3376, 18308, -5720, -6612, 32767, 113, -383, 2619, -7620, -4372, 17988, -898, 936, 5232, -7892, -4316, 17732, -76, 1210, 7380, -7508, -4140, 17720, 122, 1762, 9240, -6988, -4208, 17188, 322, 2623, 10964, -6516, -4312, 17260, 545, 3490, 12587, -5724, -4424, 17024, 997, 4214, 14708, -4788, -4256, 16320, 1517, 4784, 16510, -3528, -4168, 15840, 1791, 5120, 17795
-1968, -4148, 15312, 1596, 5682, 18517, -5960, -5220, 22752, 1820, -495, 2943, -7224, -3500, 15308, -1021, 1800, 5309, -7832, -4140, 16048, -1225, 3030, 7424, -7284, -4232, 16352, -1061, 3457, 9766, -6408, -4512, 16604, -563, 3665, 11737, -5260, -4864, 16708, 90, 3588, 13385, -4292, -4868, 16928, 1002, 3238, 14581, -3096, -4800, 17044, 1945, 2963, 15909, -1604, -4216, 16476, 2741, 2983, 17479
368, -3520, 15872, 3041, 3787, 18940, -4872, -6148, 28684, 1586, 2520, 3543, -5644, -3532, 16400, 29, 2394, 5137, -6460, -3464, 16572, 730, 2322, 5981, -6872, -3476, 16136, 421, 2201, 6911, -7436, -3844, 16156, 337, 1990, 8336, -7452, -3940, 15984, 282, 2518, 10170, -6988, -4220, 15916, 479, 3266, 12560, -5976, -4284, 15408, 877, 4095, 14572, -4884, -4292, 15040, 1004, 4735, 16208
-4068, -4248, 14772, 975, 4992, 17475, -5000, -5896, 32708, 1607, 1470, 3395, -5980, -2496, 16092, -204, 2864, 5367, -6608, -2488, 15352, -314, 3412, 6312, -6460, -2336, 16032, -676, 3613, 7122, -6200, -2892, 15716, -774, 4140, 8268, -6040, -3104, 15776, -706, 4404, 9816, -5848, -3504, 15848, -146, 4035, 11386, -5088, -3988, 15764, 894, 3258, 13071, -4016, -3948, 15808, 1896, 2445, 14464
-2588, -3952, 15300, 2335, 2039, 15412, -6564, -6660, 31960, 40, 6310, 3449, -7420, -3792, 15676, -2450, 9526, 7581, -8244, -3096, 15260, -2571, 9946, 10024, -7992, -3388, 15864, -2172, 7777, 11395, -7580, -3508, 16240, -320, 4545, 11956, -6944, -3928, 15924, 1509, 1510, 12337, -5988, -4076, 15656, 2798, -338, 12784, -5284, -4360, 15504, 3167, 200, 14150, -4700, -4900, 15432, 2728, 1979, 16452
-3988, -5044, 15588, 2318, 3664, 18873, -4020, -4024, 32767, 781, -2453, -6577, -8052, -1028, 15824, -354, -2592, -4847, -8752, -1584, 15472, -337, -2511, -2967, -9160, -1616, 15940, -628, -1749, -514, -9168, -2044, 15728, -1041, -42, 2412, -9144, -2516, 15772, -1559, 1789, 5628, -8376, -2916, 15948, -1674, 2996, 8549, -7596, -3148, 16680, -949, 2874, 10716, -6772, -3368, 16640, 249, 1969, 12323
-5856, -3604, 16380, 871, 1347, 13386, -5136, -4664, 32767, 1746, 797, -125, -8208, -1792, 17720, -113, 2022, 2123, -8624, -2860, 16960, 14, 3059, 4589, -8280, -2876, 16964, -77, 3863, 7367, -7584, -3016, 16560, 145, 4711, 9970, -6828, -3064, 16140, 350, 5400, 12069, -5948, -3176, 15712, 756, 5666, 13786, -4992, -3220, 15636, 1196, 5320, 15222, -3984, -3356, 15396, 1558, 4831, 16321
-3084, -3352, 15336, 1648, 4603, 17293, -5972, -5044, 32767, 987, -416, 258, -6604, -2752, 16544, -521, 632, 2539, -6972, -2596, 16580, -104, 1274, 4500, -6524, -2728, 16464, 486, 1849, 6416, -5848, -2628, 15764, 806, 2375, 8159, -5256, -2336, 14912, 663, 2953, 9442, -4704, -2456, 14764, 127, 3150, 10573, -4168, -2436, 14716, -287, 3019, 11589, -3396, -2700, 14688, -188, 2739, 12465
-2512, -2644, 14792, -95, 2499, 13117, -4704, -5872, 32728, 4712, 868, 4975, -6684, -2284, 15752, 2539, 2417, 8119, -6080, -2756, 15324, 1961, 4180, 9823, -5328, -2664, 15096, 770, 4787, 11248, -4624, -2932, 15300, 541, 4578, 12430, -4184, -3112, 15408, 844, 3959, 13773, -3432, -3208, 15344, 1419, 3174, 15086, -2380, -3156, 15120, 2084, 2828, 16118, -1040, -3128, 14884, 2303, 3060, 16663
-116, -3520, 15008, 2126, 3587, 17240, -6108, -4200, 24456, 1326, 486, -2009, -7116, -2192, 17096, 24, 1619, 404, -7632, -2580, 17308, 1310, 2480, 2306, -6880, -2576, 16808, 1970, 3269, 4629, -7024, -2700, 16260, 2225, 3988, 7384, -6416, -2796, 15636, 2064, 4602, 10196, -5444, -2616, 15464, 1953, 5140, 12421, -4572, -2632, 15024, 2103, 5185, 13640, -4008, -2784, 14676, 2260, 4625, 14813
-3056, -2836, 14360, 2529, 3740, 15916, -4068, -5484, 30696, 4757, 3332, 9640, -4128, -2644, 15724, 2872, 3900, 11919, -4512, -2160, 15408, 2867, 4791, 13231, -3348, -2636, 15072, 2452, 5554, 14405, -2760, -2656, 14672, 2087, 6406, 15335, -2252, -3040, 14692, 1653, 6582, 16127, -1548, -3256, 14692, 1775, 5926, 16655, -484, -3312, 14156, 2094, 5069, 16862, 648, -3296, 14156, 2281, 4144, 17075
1872, -3128, 13876, 2595, 3435, 17387, -4312, -5364, 23052, 3753, 4777, 10234, -4716, -2996, 16020, 2305, 5280, 12506, -4296, -3256, 16000, 2426, 5310, 13993, -2952, -3328, 15740, 2002, 4512, 14518, -2344, -3416, 15892, 2441, 4090, 14866, -1716, -3520, 15464, 2805, 3437, 15471, -708, -3848, 15496, 3283, 3019, 16490, 576, -3660, 15408, 3805, 3247, 17650, 2156, -3368, 15236, 4132, 4047, 18861
3716, -3004, 14880, 3939, 5143, 19632, -3840, -6136, 32767, 3270, 1188, 5102, -6980, -3436, 17416, 1110, 3322, 7577, -7148, -3720, 17304, 893, 5149, 10306, -6732, -3868, 16780, 632, 6271, 13185, -5720, -4060, 16120, 866, 7301, 16076, -5260, -4260, 15580, 860, 7983, 18614, -4696, -4672, 15380, 984, 7645, 20966, -3620, -4832, 15216, 1809, 6534, 23131, -1964, -4888, 14876, 2762, 5335, 25137
468, -4600, 14968, 3384, 4663, 26859, -5356, -6508, 32767, 2302, -1147, -181, -8500, -2752, 17364, 357, -137, 2821, -8144, -3580, 16284, 470, 1565, 5745, -7260, -4176, 17088, -52, 2769, 8852, -6252, -4108, 17672, 603, 3603, 11603, -5496, -4420, 17260, 1418, 3757, 14000, -4768, -4132, 16752, 2085, 3681, 15875, -3916, -4212, 15928, 2669, 3561, 16953, -3208, -4032, 15324, 2745, 3738, 17601
-2528, -3844, 14968, 2413, 4088, 18642, -2912, -5624, 32424, 2519, 2896, 7788, -5444, -3764, 17836, 1116, 5025, 10986, -5796, -3640, 17640, 2328, 6003, 13404, -4364, -3832, 16624, 2068, 6456, 15526, -3588, -3356, 15428, 1491, 7553, 17474, -2820, -3108, 15356, 919, 8377, 19091, -2036, -3252, 15048, 764, 8310, 20281, -1056, -3188, 15284, 1090, 7616, 21051, -44, -3116, 15344, 1748, 6303, 21325
1068, -2816, 15128, 2501, 5026, 21662, -4620, -4960, 22660, 2323, 3441, 6787, -5088, -2656, 15732, 1205, 4926, 9168, -5368, -3092, 15260, 1601, 5457, 11364, -4588, -2836, 14952, 1250, 5513, 13314, -3664, -3468, 15192, 710, 6279, 14894, -2556, -4080, 15684, -41, 7044, 16197, -2032, -4468, 16112, -601, 7382, 17168, -1116, -4864, 16724, -376, 6811, 18368, 196, -4820, 16772, 498, 5875, 19616
1788, -4492, 16664, 1564, 5075, 20825, -5244, -6336, 32767, 2558, 2575, 7298, -6080, -3120, 16248, 1566, 3458, 9611, -6056, -3188, 15648, 1945, 4522, 11810, -5560, -3372, 15544, 1668, 5529, 14209, -4592, -3700, 15236, 1231, 6454, 16185, -3944, -3988, 15684, 1092, 6404, 17548, -3116, -4352, 15780, 1590, 5603, 18626, -2316, -4644, 15812, 2230, 4766, 19395, -1312, -4932, 15676, 2796, 3976, 20369
180, -4596, 15744, 3184, 3845, 21785, -7948, -5832, 28540, 4629, -1166, 2652, -7476, -3428, 15936, 2336, 236, 6008, -7768, -3168, 16308, 2870, 1816, 8598, -6644, -3364, 16108, 3288, 3119, 11407, -5620, -3328, 15556, 3529, 3757, 13830, -4528, -3248, 15032, 3548, 4195, 15548, -3428, -3260, 14748, 3202, 4617, 16634, -2584, -3448, 14500, 2736, 5044, 17345, -1896, -3788, 14752, 2412, 5192, 18016
-956, -3908, 15224, 2633, 5229, 19188, -3928, -6680, 32767, 3701, -989, 2969, -6348, -3156, 17236, 2698, 321, 6314, -5824, -3440, 16564, 3091, 1526, 8769, -5060, -3240, 15876, 2471, 2642, 10980, -4428, -3396, 15692, 2048, 3821, 13156, -4188, -3496, 15468, 1663, 4574, 15375, -3544, -3684, 15488, 1766, 4855, 17501, -2700, -3828, 15484, 2232, 4701, 19442, -1676, -3964, 15108, 2715, 4607, 20744
-444, -4116, 14708, 2577, 5421, 21950, -3504, -6952, 32767, 3259, 3642, 11941, -4868, -3316, 16748, 1955, 4939, 14066, -3776, -3164, 16256, 1885, 6627, 14904, -3152, -3288, 15360, 517, 7562, 15330, -2972, -3432, 15360, -311, 7506, 16064, -2768, -3520, 15612, -204, 6333, 16988, -2036, -3716, 15712, 714, 4747, 18041, -888, -3596, 15308, 1753, 3547, 19322, 656, -3236, 15060, 2570, 3280, 21073
2724, -2696, 14824, 3030, 4095, 22810, -3160, -6776, 30428, 518, 3676, 7440, -4612, -3908, 15984, -1452, 3388, 8664, -5364, -4360, 16288, -817, 2655, 10358, -5052, -4940, 16856, 37, 1685, 12794, -4244, -5456, 16936, 1278, 1413, 15929, -2996, -5348, 16564, 2099, 1928, 18538, -1404, -5180, 15784, 2235, 3094, 20106, -132, -5036, 14988, 1630, 4432, 20853, 1044, -4560, 14916, 569, 6058, 21247
2208, -4256, 14492, -522, 7314, 22028, -2984, -6996, 28928, 1301, 6567, 13032, -3636, -4204, 15040, -1570, 8383, 14232, -4776, -3972, 14456, -3302, 12524, 15660, -4572, -4628, 13768, -6239, 16174, 17546, -4580, -4920, 14012, -8439, 17018, 19479, -3824, -5476, 15068, -8317, 13858, 20081, -2344, -5408, 16680, -5554, 7374, 19259, -660, -4984, 17116, -1974, 1185, 18478, 1948, -4112, 16964, 1257, -2740, 18086
4504, -3040, 16148, 2646, -2318, 18565, -6856, -5352, 25876, 2758, 1686, 3563, -8476, -2548, 16252, 544, 4780, 7184, -7868, -3576, 15744, 392, 6561, 10401, -7392, -3344, 15416, 312, 6758, 13345, -6304, -3568, 15024, 838, 6223, 15907, -5020, -3572, 14704, 1208, 5448, 17974, -3552, -3596, 14256, 1562, 4622, 19719, -1544, -3520, 14064, 1825, 4058, 21388, 532, -3288, 14560, 2184, 3576, 22987
3052, -2848, 14404, 2687, 3676, 24984, -2352, -6976, 32568, 6246, 2500, 19193, -3152, -3684, 16444, 5991, 1896, 23073, -3572, -2616, 15760, 5600, 2171, 25479, -2488, -2812, 15212, 4324, 2823, 27528, -1448, -2628, 14680, 2928, 3847, 28918, 96, -2192, 14836, 1711, 5016, 29102, 1588, -1824, 15380, 1205, 5901, 28346, 2712, -1492, 15788, 1629, 6059, 26913, 3804, -1324, 15932, 2620, 5109, 25114
4540, -1064, 15404, 3389, 3505, 23468, 1080, -7992, 32767, 635, 5129, 16236, -2232, -3904, 16532, -323, 5778, 19436, -1996, -4696, 16120, 184, 5703, 21288, -1620, -4964, 16056, -462, 5223, 23021, -352, -4660, 16604, -667, 5112, 24698, 672, -4312, 17244, -106, 5476, 26283, 2184, -3820, 16720, 899, 5906, 27583, 3532, -3184, 16284, 1618, 5935, 28282, 4440, -2692, 16316, 2710, 4870, 28272
5420, -2436, 16476, 4302, 2809, 27640, -740, -5936, 23040, 2889, -1137, 16308, -1420, -3188, 13708, -661, 2378, 20266, -2208, -4020, 15156, -1433, 3680, 23898, -2208, -5056, 16304, -408, 3252, 28230, -1904, -5732, 16856, 2392, 2147, 32626, -920, -5444, 16316, 5076, 1546, 32767, 1608, -5116, 15172, 6334, 1636, 32767, 3952, -4572, 15464, 6187, 2126, 32767, 6452, -3292, 16380, 6821, 2425, 32767
8652, -1792, 16300, 7403, 2272, 32767, -1740, -7548, 28000, 6037, 32, 25090, -140, -3724, 13468, 1995, 4156, 26957, 244, -3404, 12256, -1428, 7987, 26247, -248, -2704, 12612, -5850, 9620, 24582, -852, -2356, 13976, -7329, 9599, 22540, -1712, -2780, 14980, -6299, 7271, 21772, -2036, -3504, 15084, -3763, 3329, 22358, -2212, -3900, 15688, -966, -596, 23940, -1488, -4156, 16208, 2083, -3494, 26156
384, -3944, 15752, 4294, -4269, 27430, -2100, -8124, 31516, 5423, -6240, 19266, -4044, -4628, 15512, 5586, -6708, 24626, -2096, -4160, 15368, 6410, -5031, 27142, -12, -2568, 14204, 5180, -1663, 27036, 744, -2076, 13712, 3223, 1476, 25565, 372, -2072, 13800, 1393, 3150, 24156, 300, -2184, 13852, 546, 3136, 23846, 600, -2340, 13844, 100, 2982, 24399, 1140, -2488, 14548, 638, 2825, 25221
1880, -2540, 14948, 1968, 2387, 25780, 3136, -6280, 26292, 1241, 1044, 26271, -44, -4356, 15364, -756, 265, 28318, 208, -4504, 16692, 651, 134, 29149, 896, -4676, 16468, 2374, -290, 29645, 1776, -4476, 15596, 3908, -570, 30040, 2972, -4168, 15428, 4728, -289, 30178, 3876, -3736, 15504, 5628, 454, 29843, 4560, -3400, 15068, 6422, 724, 29202, 5500, -2628, 14780, 7076, 215, 28079
6276, -2156, 14416, 7071, -416, 26378, 304, -6528, 21164, 4522, -1548, 23693, -412, -4236, 16648, 2601, 2550, 26704, -1396, -4824, 17408, 3095, 4654, 28868, -1292, -4476, 17096, 3464, 4819, 30688, -1184, -4280, 17140, 4431, 4111, 32008, -72, -4104, 16496, 6091, 3079, 32621, 876, -3224, 15776, 7216, 2378, 32322, 2092, -2684, 14612, 7898, 1758, 31496, 3100, -2204, 13768, 8037, 1057, 30173
3904, -1724, 13352, 7967, -53, 28541, -1212, -7356, 24504, 5690, -828, 27106, -1092, -5280, 14728, 3708, 1020, 31154, -1968, -5432, 15884, 4544, 2570, 32767, -1996, -5260, 16420, 5930, 2151, 32767, -1404, -5452, 15596, 6823, 896, 32767, -44, -4968, 15308, 7400, -329, 32767, 2756, -3312, 14876, 7671, -121, 32767, 4968, -1628, 14236, 6945, 1523, 32767, 5992, -1112, 13556, 6046, 2892, 31583
