1000, -7904, 12472, 19, 19, 25, 6816, -1564, 20304, 6365, 2754, -18730, 4540, 1584, 15584, 5349, 2477, -20786, 3296, 1132, 15572, 6612, 680, -21895, 1996, 1324, 15112, 7495, -1733, -22181, 3824, 864, 14356, 7628, -2171, -23106, 4304, 480, 13748, 6239, -759, -26449, 4240, -328, 13696, 4714, 670, -30295, 1752, -964, 14336, 3873, 2123, -32512, -1540, -1660, 14700, 4630, 2251, -32512
-3960, -2736, 14212, 6507, -277, -30272, 8144, 220, 29828, 440, 4560, -10472, 8064, 3356, 17000, -288, 4148, -13575, 8664, 3032, 17080, 1339, 2771, -17482, 8848, 2868, 17268, 2890, 1758, -21876, 8084, 1968, 17400, 4473, 1298, -26118, 6596, 1248, 17140, 6175, 1001, -29629, 6624, 228, 16516, 7991, 1187, -32512, 5060, -1056, 16356, 9446, 1999, -32512, 2032, -2272, 16100, 11162, 1987, -32512
-1848, -4312, 16092, 13709, -1730, -32512, 3784, -136, 27540, 2712, 2423, -7080, 3428, 2268, 13824, 464, 2014, -10246, 3252, 2436, 13688, 15, 1119, -13256, 3696, 3196, 13528, -426, -97, -15118, 4820, 3276, 13732, -1313, 399, -17501, 4400, 3480, 14236, -1154, 1991, -19676, 2784, 3516, 14828, -1150, 2497, -20866, 3716, 2388, 14380, -662, 2706, -22845, 4052, 1128, 14332, -820, 3839, -25560
3324, 356, 14984, -587, 4575, -29133, 7580, 876, 27436, 350, -374, -16235, 10080, 4536, 15992, -297, 3550, -22274, 8024, 3724, 17436, -1181, 4624, -28459, 4912, 2600, 18064, 1436, 4261, -31345, 1776, 2280, 17940, 5447, 3548, -31141, 816, 1464, 16888, 8062, 2496, -29468, 1660, 980, 15560, 9380, 1573, -28116, 3484, -8, 14532, 9186, 1121, -28899, 3756, -432, 13604, 7000, 2190, -32258
680, -1992, 14548, 4422, 1457, -32512, 6292, -152, 32767, -3806, 7527, -7464, 5032, 1268, 17412, -3345, 5751, -10626, 6544, 620, 17604, 284, 2647, -16214, 7496, 852, 17592, 4320, 1631, -23409, 6432, 1344, 17516, 6641, 1498, -30232, 3996, 664, 17756, 8977, 1483, -32512, 1772, 552, 17208, 11735, 1331, -32512, 640, 296, 16448, 13550, 701, -31282, 1788, -128, 15196, 14159, 499, -31137
1972, -976, 14908, 13689, 332, -32512, 8052, -520, 32767, 6187, 1479, -7605, 7632, 2672, 14260, 3249, 3781, -13417, 5904, 2808, 14792, 969, 4585, -20427, 1868, 1420, 15216, 1090, 2045, -23089, -524, 1052, 15604, 4426, -1650, -22520, -872, 956, 15980, 8247, -4383, -21724, -444, 752, 16060, 11298, -6018, -21061, -376, 236, 15832, 14112, -7435, -20748, -212, -224, 15368, 16486, -8962, -21023
48, -256, 14612, 17582, -9495, -22039, 3740, -384, 32767, 6294, -593, -15035, 1612, 2048, 14680, 5515, -1908, -15852, 2756, 1440, 13760, 5489, -3360, -17803, 3536, 992, 13856, 5456, -4044, -20445, 3980, 1208, 13680, 4681, -3289, -23993, 1352, 196, 14556, 3852, -3786, -26299, -712, -608, 15632, 5401, -5523, -26202, -908, -976, 16112, 8075, -7139, -25408, -204, -1072, 16148, 10220, -8255, -25615
164, -1700, 16264, 11614, -9263, -26166, 4516, -2532, 25916, 3579, 2707, -14267, 2488, 316, 16312, 4604, -325, -17119, 2064, -212, 16416, 7678, -3269, -20542, 2008, -288, 16752, 10918, -4946, -23035, 1852, -108, 16040, 12681, -4588, -25211, 664, -428, 15684, 13400, -3748, -26187, -44, -416, 14780, 13212, -2133, -26157, 120, -504, 13996, 11970, -375, -26279, -1052, -1072, 14136, 10382, 421, -26270
-2616, -1240, 14908, 9193, -434, -24845, 5240, -4668, 32767, 4179, -530, -25027, 748, -516, 15780, 5483, -1851, -27231, 2872, -1288, 15228, 7420, -1939, -30213, 2004, -1496, 16036, 8730, -1122, -32512, 2036, -2204, 15620, 10344, -1635, -32512, -428, -2660, 16184, 11957, -2580, -32512, -2708, -2672, 16572, 13388, -4694, -32512, -2912, -3704, 15104, 14473, -5441, -31309, -2860, -4180, 14952, 17379, -3863, -28436
-4236, -4424, 14528, 16267, -4925, -24600, 6592, -3892, 32767, 3350, 2453, -17100, 2840, -56, 17360, 5141, -161, -19416, 3660, -436, 17084, 8191, -1826, -22383, 3740, -540, 17064, 11048, -1731, -24788, 3508, -916, 17028, 13150, -1448, -27025, 1792, -1224, 16500, 14955, -1489, -28348, -232, -932, 16560, 16734, -1867, -27668, -316, -1328, 15116, 17662, -1521, -26095, 452, -580, 13420, 15297, -278, -26180
-148, -1448, 13856, 16337, 1148, -25655, 7632, -1868, 26376, 3229, 5489, -19464, 4112, 2180, 17212, 4992, 2978, -21417, 4928, 2720, 16468, 7933, 1891, -24225, 6156, 2836, 15864, 9458, 3208, -27442, 4768, 2184, 15672, 10044, 4140, -30253, 3336, 972, 15688, 11975, 3242, -31894, 2076, 508, 14664, 13417, 2641, -32512, 32, -548, 14656, 14200, 1390, -32512, -660, -936, 13740, 15830, 688, -31479
-1520, -996, 13976, 13678, -563, -30430, 11464, 68, 30572, 5291, 712, -18548, 9232, 3436, 14224, 2930, 819, -23107, 10412, 2116, 13392, 1690, 1163, -29980, 6624, 932, 14572, 1374, 232, -32512, 2724, -4, 15356, 3683, -2342, -32512, 60, -268, 15616, 7038, -5139, -32512, -696, -1064, 15108, 9527, -6832, -32179, -744, -1996, 14352, 10672, -7155, -29699, -304, -3288, 13752, 10469, -6770, -27523
-1200, -3772, 13680, 7682, -5964, -26597, 10572, 496, 30008, 4180, 2330, -17208, 5956, 4096, 16012, 3197, 690, -20444, 5572, 3348, 14652, 4320, -1147, -23099, 4128, 2884, 14920, 4946, -2504, -24057, 3652, 2016, 14708, 5649, -3569, -24257, 3116, 2136, 14420, 5966, -4207, -24450, 2656, 172, 14364, 5512, -5189, -24857, 2088, -768, 14736, 6744, -5335, -24874, 448, -1636, 15528, 8592, -7532, -23356
740, -1916, 14852, 8836, -8221, -22844, 7448, 816, 25688, 4915, 1972, -9438, 5708, 3708, 15556, 3434, 1143, -10872, 7296, 3836, 14976, 3198, 585, -14082, 7368, 4212, 15424, 2788, 411, -17804, 7076, 3892, 15844, 2616, 67, -21433, 5428, 3496, 16428, 2745, -418, -24045, 4768, 2440, 16232, 4146, 159, -25141, 3412, 1212, 16808, 6137, -947, -25368, 4228, -284, 16512, 7303, -960, -26434
3340, -1872, 16440, 8240, -873, -27732, 7028, 492, 25480, 3462, 856, -12344, 5656, 4840, 17352, 4104, 650, -14230, 6472, 4428, 16276, 5218, 481, -17106, 5636, 4624, 16440, 5880, 138, -19448, 6024, 4004, 16208, 6394, -319, -21371, 4820, 2984, 16940, 7846, -1788, -23196, 4272, 1404, 16700, 9465, -2885, -24779, 3064, 20, 16904, 11463, -3843, -25567, 2340, -1240, 16528, 12783, -4807, -25748
1304, -2184, 16088, 13924, -5386, -25392, 7332, 1024, 32744, 3434, 477, -9124, 4840, 6052, 16904, 2854, 316, -9326, 6508, 5936, 15684, 3053, 654, -11062, 6448, 5236, 15716, 2987, 734, -13258, 5920, 4280, 15636, 3459, 160, -15722, 4980, 2936, 16100, 4394, -895, -17569, 3816, 2452, 15104, 4505, -1840, -18810, 3080, 1000, 15764, 6387, -1978, -19080, 1244, -20, 15916, 7848, -4239, -18240
1168, -880, 15436, 9199, -5146, -17896, 7504, -1792, 32767, 7903, -12, -17400, 3208, 1980, 17560, 8821, -2019, -16925, 3776, 1252, 15988, 10257, -3356, -17389, 3656, 1400, 15756, 10429, -3444, -17557, 3456, 764, 15124, 9801, -3198, -18025, 2628, 744, 14980, 7614, -3460, -18288, 1840, -804, 16116, 9128, -3279, -18079, 644, -1552, 16120, 9966, -5316, -17346, 880, -2260, 15788, 11260, -5932, -17253
436, -3184, 15208, 11833, -6760, -17086, 9332, 1148, 32540, 1296, -886, -7989, 6300, 3480, 15516, 751, -1535, -9184, 7036, 3144, 15300, 1759, -1984, -10797, 6880, 2732, 15692, 2053, -2149, -12559, 7808, 2156, 15824, 2473, -1855, -14977, 7336, 2040, 15716, 2885, -1326, -17830, 6160, 1272, 16240, 3426, -1630, -20264, 4896, 36, 15680, 5632, -1765, -21601, 3352, -84, 16016, 5792, -2801, -22103
1452, -1888, 16820, 9759, -4527, -21554, 9264, 1300, 31216, 3166, 2067, -3222, 7244, 3996, 16100, 1610, 1090, -4596, 8196, 4176, 15232, 1400, 558, -7257, 7480, 3936, 15180, 1729, 37, -9988, 6720, 3592, 14784, 2593, -783, -12618, 5800, 2748, 14900, 3465, -1922, -15000, 5112, 2204, 14680, 4499, -3012, -16483, 4512, 1576, 14856, 5056, -3899, -17535, 4004, 768, 15064, 5583, -4485, -18539
3264, -164, 14968, 6172, -5076, -19437, 4952, -952, 24076, 5168, 1504, -3336, 4996, 2420, 13992, 1684, 2219, -6814, 6816, 3124, 13480, 501, 2679, -12395, 7592, 2808, 14300, -97, 1417, -18592, 9036, 3292, 13940, -18, 1741, -26804, 7856, 1952, 14548, 478, 1092, -32512, 4180, 1128, 15344, 2359, 418, -32512, 1980, 84, 16008, 5016, -256, -32512, 1676, -220, 15320, 7552, 283, -32512
212, -1332, 14904, 8769, -167, -32512, 7012, 836, 22112, 4212, 2172, -17288, 3864, 3132, 12732, 382, 692, -19643, 3324, 2152, 12728, -690, -1694, -21090, 5856, 2028, 13152, -1064, -1976, -24202, 5316, 1628, 14216, -2002, -1266, -28872, 2608, 592, 15376, -1075, -1169, -31016, 356, 652, 15608, 841, -475, -30409, -156, 308, 14884, 1896, 950, -28455, 1876, -100, 14152, 2009, 2704, -27651
2520, 292, 14088, 191, 4632, -29214, 3856, -1768, 26892, -5395, 5912, -23421, -480, 192, 14912, -5483, 1231, -22876, -120, -388, 15832, -1473, -2683, -21542, 1732, 12, 16016, 1431, -3079, -21449, 5712, 196, 14164, 1656, -402, -25312, 4788, -788, 13880, -817, 1621, -30173, 1904, -984, 14436, -1642, 2638, -32311, -1792, -1336, 15420, -873, 2783, -30853, -3604, -1588, 15384, 989, 1963, -26632
-1224, -1708, 14640, 2586, 1583, -23453, 5976, -68, 20600, -1455, 3466, -22789, 2552, 1272, 14464, -1712, -1142, -25060, 5136, 640, 15188, 1122, -4471, -27331, 5992, 1628, 15444, 2344, -2690, -31935, 4880, 668, 15312, 3084, -712, -32512, 2452, -980, 15556, 4057, 658, -32512, -532, -272, 14320, 3670, 1038, -32512, -1276, -1456, 14516, 5099, 1189, -32610, -1300, -1640, 14196, 5805, -50, -30102
-976, -2080, 14040, 4898, -944, -28772, 4284, -3280, 29952, 1355, 2752, -32512, 3128, -1032, 14988, 1238, 1607, -32512, 2736, -1164, 14060, 2079, 103, -32512, -800, -1812, 15228, 2018, -2660, -32512, -4944, -1996, 16400, 6771, -4055, -32512, -6016, -1916, 15724, 8223, -3924, -30992, -6540, -1772, 15272, 8377, -1761, -24298, -5376, -2932, 14128, 6616, -1198, -17503, -3928, -2276, 13072, 4341, -91, -13400
-3660, -3508, 13520, 1197, -695, -10629, 3560, -1784, 30644, -2690, 202, -30732, 4112, 1172, 16496, 1333, -2821, -31233, 6976, 644, 17276, 4436, -2002, -32512, 9484, -160, 16860, 6549, 44, -32512, 6300, -1088, 16968, 7610, 405, -32512, -1092, -1728, 18088, 8964, -3591, -32512, -6016, -1576, 18072, 14598, -7792, -32512, -6652, -1152, 16108, 15527, -7973, -30914, -5948, -1264, 14520, 13879, -4251, -23173
-5292, -1912, 13272, 10127, -1786, -16179, 2652, -1668, 32196, 3121, -2257, -30739, 2852, 1452, 15964, 4258, -1293, -29266, 8384, 688, 14960, 4827, 3019, -32512, 8328, -432, 14872, 3372, 5755, -32512, 2460, -1640, 16200, 3878, 4103, -32512, -3216, -2244, 17128, 6755, 399, -32512, -6252, -1460, 15372, 8165, -2089, -32512, -5788, -1972, 15048, 10040, -1794, -28356, -3812, -2648, 15036, 11119, -2232, -22738
-1316, -2920, 14324, 9784, -1439, -20482, 8080, -1908, 32036, 331, 3800, -22759, 5460, 1672, 15356, 30, 2447, -28308, 4960, -160, 16128, 1842, -849, -32512, 2912, 136, 16672, 4955, -2666, -32512, 1944, -28, 16652, 7539, -3060, -32512, 596, -220, 16344, 9407, -2842, -32512, 236, -524, 15152, 9408, -1457, -32512, -668, -1176, 14900, 9116, -79, -32568, -1744, -1780, 14472, 8027, 820, -30168
-3408, -2680, 14440, 7174, 305, -26720, 9336, -920, 30120, 1587, 2493, -11057, 8800, 2620, 14872, -1806, 5322, -18604, 7848, 2168, 14332, -3201, 7109, -27397, 3944, 1496, 16420, -1943, 2887, -31737, 1904, 1856, 17052, 2517, -3204, -32641, 868, 1672, 16780, 6236, -5978, -31613, 300, 1640, 16100, 9029, -6377, -29384, 772, 1148, 15020, 10171, -5476, -27299, 2524, 472, 13764, 9544, -3719, -27368
1584, -280, 13368, 5777, -1992, -28574, 10924, -908, 24676, -639, 9573, -23527, 7004, 2660, 13116, -4217, 9922, -30833, 3888, 1236, 14680, -3588, 7170, -32512, 1648, 1260, 16776, 1223, 1888, -32512, 1916, 1552, 16872, 6137, -2364, -32512, 2240, 1180, 16528, 9722, -4564, -32512, 1212, 456, 15884, 12171, -5388, -32512, -664, -176, 15200, 13201, -5884, -32512, 284, -392, 13576, 13437, -3441, -32512
-1676, -436, 13452, 11591, -2569, -31473, 7988, -780, 31132, 1964, 4672, -21218, 3148, 2600, 15684, 1703, 3414, -23616, 4148, 1776, 15888, 4259, 2527, -25009, 4776, 1796, 16256, 5962, 3241, -27367, 6124, 1040, 15820, 6925, 5034, -31599, 2836, -104, 15564, 7510, 5848, -32512, -1752, -612, 15580, 7820, 4241, -32512, -5416, -1296, 15532, 10877, 1369, -28724, -6268, -1340, 14256, 11663, -1652, -22762
-5044, -1392, 13272, 11576, -2189, -18333, 6744, -732, 22264, 1306, 5619, -21742, 2552, 1416, 14496, 130, 1676, -24484, 2948, 524, 15132, 2194, -1635, -26532, 5424, 952, 15784, 4408, -738, -30244, 4668, 260, 16028, 5493, 771, -32512, 1716, -476, 16168, 7685, 679, -32512, -1460, -856, 15700, 9882, -938, -32512, -2268, -744, 14944, 11663, -2282, -32506, -2292, -1068, 13688, 11738, -2394, -29448
-2788, -952, 13664, 9077, -2546, -26577, 5040, -484, 23316, 7415, 3166, -32512, 1488, 1308, 16808, 8264, 1929, -32512, 4064, 508, 15060, 10667, 3851, -32512, 1596, 640, 14208, 9281, 6864, -32512, -2908, -248, 14572, 9134, 6119, -32512, -5404, -464, 14304, 9471, 2759, -30079, -5304, -704, 13440, 8360, -673, -25460, -5376, -1232, 14116, 9378, -2756, -20873, -4784, -1540, 13344, 8492, -4355, -17372
-4704, -1896, 13184, 8058, -4377, -14402, 6720, -1092, 29040, 4023, 443, -10938, 3548, 936, 15312, 3112, -732, -13388, 3104, 296, 14672, 3917, -1709, -15467, 1888, 108, 14600, 4224, -2509, -16571, 1460, -68, 14488, 4142, -3531, -17142, 880, -272, 14828, 4071, -4413, -17024, 1252, -972, 14556, 4711, -5006, -16518, 1436, -548, 15380, 3359, -4746, -16273, 684, -952, 16376, 4994, -4640, -16189
1372, -1264, 16352, 4234, -5498, -15861, 4464, -3320, 26020, 9061, -6901, 4935, 3112, -724, 14256, 7339, -7319, 4044, 3152, -988, 12888, 7151, -7682, 2553, 2920, -716, 12460, 5934, -7609, 1619, 2776, -468, 12100, 4379, -7272, 705, 2540, -304, 12696, 3193, -6693, 432, 2472, -592, 13308, 2895, -5824, 905, 2700, -204, 13772, 2933, -4855, 1862, 3388, -516, 13964, 2953, -3827, 3093
4384, -772, 13920, 2237, -2147, 2957, 5828, -3412, 26712, 1700, -365, 436, 4848, -856, 15408, -557, 161, -977, 5664, -1168, 15676, -1133, 99, -3345, 5228, -804, 15844, -1019, 186, -5289, 5096, -968, 15884, -731, -128, -6046, 5488, -1016, 15888, 94, -352, -5820, 6300, -856, 16012, 692, -394, -5291, 7376, -804, 16064, 1074, -103, -5484, 7644, -616, 15800, 1166, 211, -6766
7388, -448, 15312, 1157, 102, -8582, 8184, -4124, 31552, 1708, 60, -371, 6204, -744, 16608, -22, 487, -1170, 7172, -1276, 16492, -602, 629, -3067, 6556, -1028, 16648, -605, 544, -4710, 6444, -1056, 16256, -252, -129, -5707, 6036, -1064, 16516, 642, -1220, -6034, 6232, -900, 16152, 1642, -2128, -6068, 6300, -728, 16072, 2226, -2554, -6196, 6008, -628, 16004, 2551, -2866, -6199
5912, -592, 15840, 3114, -3001, -6449, 9768, -1060, 22092, 1356, 179, -4086, 7764, 752, 16300, -254, -454, -6035, 8184, 96, 15888, 313, -1579, -6970, 7740, 476, 16016, 1271, -2091, -7497, 8148, 540, 15728, 1724, -1923, -7997, 7512, 708, 15280, 1726, -1506, -8780, 6960, 632, 15072, 1593, -1580, -9522, 5900, 192, 14800, 1707, -2195, -10093, 5120, 88, 14812, 2101, -3083, -10363
4332, -204, 14568, 2382, -4003, -10387, 6328, -1184, 31716, -149, -336, -4540, 5700, 688, 15296, -1542, -105, -4538, 6844, -412, 15656, -1611, -996, -4978, 7916, 84, 16696, -721, -1261, -5282, 8880, 136, 16768, -241, -959, -6412, 8848, 8, 16516, 53, -761, -8109, 8032, -296, 16680, 522, -1138, -9832, 7116, -828, 16244, 1484, -2011, -11510, 6416, -1044, 15852, 2226, -3036, -12602
5524, -1084, 15652, 2673, -3799, -13268, 10072, -1784, 31680, 5372, -761, -1928, 9548, 1280, 14944, 3262, 241, -3109, 10184, 1292, 15040, 2898, 241, -5782, 9356, 1576, 15008, 2203, -384, -8841, 8544, 1328, 15060, 2126, -1289, -11193, 7652, 900, 14968, 2373, -2271, -12978, 6808, 608, 14940, 2374, -2654, -14080, 5664, 96, 14716, 2154, -2607, -14448, 4108, -292, 14912, 2055, -2565, -14469
2912, -348, 14712, 1900, -2189, -14557, 8528, -1920, 29008, 3575, -495, -5496, 7232, 476, 16364, 2455, -628, -5838, 7416, 168, 16060, 2835, -1100, -7048, 6912, 520, 15996, 3163, -1702, -8566, 6152, 452, 15616, 3335, -2302, -9947, 5264, 276, 14932, 3142, -3226, -11216, 4476, -48, 14780, 2862, -3951, -12233, 3288, -432, 14652, 2501, -4470, -12791, 2172, -1416, 14936, 2257, -4680, -13140
808, -436, 14836, 1356, -4854, -12934, 7156, -1612, 23100, 2018, -112, -842, 6612, 740, 17884, 817, -243, -1841, 7568, 96, 17748, 1593, -707, -3450, 7860, 508, 17936, 2155, -1011, -4940, 8100, 604, 17504, 2438, -1062, -6166, 7948, 432, 16892, 2790, -1091, -7363, 7724, 376, 16576, 2940, -840, -8480, 7000, 324, 15940, 2897, -696, -9621, 6204, 72, 15444, 2763, -719, -10532
5268, 8, 15496, 2874, -1123, -11315, 9588, -2008, 28680, 3083, -1033, -843, 7572, 512, 16240, 1501, -774, -2249, 7396, 8, 15872, 1213, -719, -3860, 6796, -68, 16052, 1053, -896, -5053, 6580, -40, 16132, 1461, -1140, -5793, 6584, 128, 16048, 2290, -1517, -6026, 6928, 324, 15508, 2769, -1511, -6391, 6516, 392, 15276, 2568, -1327, -7284, 5840, 268, 14876, 2435, -1271, -8536
4580, 300, 14812, 2265, -1566, -9946, 8772, -2496, 31284, 1313, -437, -985, 6492, 796, 16236, 115, -613, -2252, 7056, 456, 16068, 431, -641, -4200, 6552, 484, 15920, 562, -1145, -5725, 6380, 320, 15432, 721, -1387, -6550, 6604, 196, 15588, 890, -1618, -6897, 6744, 288, 15912, 1247, -1530, -7408, 6512, 220, 15912, 1566, -1300, -8175, 5952, 40, 15868, 1763, -1131, -9098
5188, -652, 15832, 1730, -1179, -10142, 8020, -1312, 24176, 2861, -1504, -4631, 6416, 740, 15888, 1539, -1748, -5620, 6604, 412, 15460, 1834, -1722, -6703, 6100, 572, 15848, 1716, -1702, -7572, 5908, 508, 15444, 1634, -1356, -8530, 5248, 584, 14960, 1622, -1425, -9729, 4300, 196, 14624, 1482, -1990, -10873, 3568, 192, 14512, 1496, -2683, -11706, 2836, -80, 14472, 1470, -3107, -12319
2096, -212, 14592, 1535, -3615, -12544, 3524, -2212, 23184, 2544, -642, -507, 3392, 168, 15376, 885, 457, 301, 5540, -412, 15596, 703, 524, 286, 6956, 232, 16608, 1220, 561, -394, 8172, 500, 16712, 1596, 911, -1911, 8536, 584, 16432, 1826, 1331, -3897, 8488, 396, 15932, 1504, 1454, -5845, 7928, 96, 15744, 1254, 1218, -7544, 7052, -356, 15564, 1471, 302, -8541
6356, -636, 15780, 2203, -1209, -9268, 5432, -2628, 25772, 162, -916, -3, 4136, 400, 15164, -1329, -3, -123, 4736, -44, 15564, -1335, -92, -1135, 4324, -40, 15944, -1233, -770, -2514, 4248, -272, 16124, -1157, -1357, -3701, 3816, -440, 16160, -686, -1736, -4432, 3788, -608, 16236, -253, -1615, -4391, 4200, -736, 16324, 115, -1255, -4210, 4588, -528, 16560, 473, -716, -4390
4804, -468, 16436, 517, -283, -4832, 5712, -952, 30364, 320, 89, -4200, 3000, 392, 16156, -630, -151, -4548, 3224, -152, 16128, -107, -577, -4580, 3252, -352, 16736, 730, -839, -4362, 3972, -320, 16684, 1372, -654, -4398, 4196, -564, 16808, 1614, -256, -4848, 4192, -408, 17048, 2083, -546, -5467, 4280, -292, 16788, 2531, -560, -5990, 4624, -120, 16448, 2782, -243, -6388
4844, 100, 15896, 2826, 57, -6904, 6800, -3604, 32767, -2226, 1194, -4439, 4332, -376, 17160, -3086, 0, -4359, 6020, -972, 18464, -1377, -1085, -3919, 6972, -720, 19084, 445, -1357, -3484, 7836, -416, 18728, 1371, -803, -3964, 8116, -124, 18800, 1573, -400, -5313, 7824, -164, 18624, 2002, -108, -6839, 7444, -192, 18052, 2505, 257, -8297, 6648, -556, 17456, 2697, 364, -9355
5988, -752, 17184, 2999, -74, -10101, 6864, -2320, 32767, 1938, -1928, -4764, 5796, -88, 19000, 2038, -1577, -4676, 7204, -304, 18924, 3005, -1216, -5322, 7868, 520, 18908, 3747, -407, -6648, 8252, 1156, 18292, 4085, 427, -8861, 8292, 1152, 17988, 4358, 739, -11089, 8148, 1056, 17376, 4835, 759, -12911, 7740, 760, 16280, 4974, 297, -14308, 7196, 412, 15628, 4571, -759, -15541
6424, 468, 15864, 4865, -1975, -16948, 7400, -3720, 30136, 1642, -199, -1510, 5328, -560, 18120, 1065, 135, -1793, 6592, -820, 17548, 1790, 246, -2746, 6988, -44, 17128, 2202, 261, -4089, 7924, 32, 17156, 2692, 369, -5293, 8404, 236, 16320, 3182, 637, -6875, 8060, 368, 15916, 3259, 466, -8867, 7348, 120, 15684, 3212, -23, -10978, 5868, -336, 15484, 3282, -579, -12659
4336, -876, 15476, 3292, -1021, -13811, 8468, -2224, 31280, -450, 1080, -2641, 5684, -92, 16868, -1638, -88, -3884, 6888, -1000, 17816, -431, -1356, -4261, 7740, -584, 18624, 825, -1294, -4052, 9072, -360, 18392, 1477, 82, -4124, 9160, -164, 18300, 1628, 1309, -5151, 8800, -232, 18188, 1978, 1685, -7011, 7772, -436, 18056, 2571, 1132, -9209, 6288, -820, 17900, 3371, 417, -10394
5060, -968, 17196, 4393, -325, -10714, 9680, -2368, 29468, 4195, -1265, -7392, 7196, 744, 16928, 3148, -1025, -8366, 7808, 480, 16292, 3728, -967, -9602, 7644, 1248, 15784, 4040, -533, -11221, 7088, 1104, 15648, 3553, -481, -12604, 6320, 904, 15684, 3710, -928, -13989, 5528, 692, 15348, 4086, -1785, -15198, 4332, 280, 15132, 4265, -2408, -16283, 3224, 216, 14380, 4247, -2650, -16928
1588, -532, 14668, 3665, -2779, -16886, 9268, -1224, 22176, 3761, 863, -1706, 7956, 876, 16208, 2121, 1643, -3153, 7800, 404, 15716, 2310, 1313, -4962, 7088, 556, 15796, 2585, 435, -6564, 6668, 464, 15260, 3319, -139, -7878, 6008, 356, 14960, 3637, -865, -9050, 5104, 128, 14576, 3727, -1505, -9952, 4344, -40, 14272, 3728, -2333, -10498, 3896, -148, 14260, 3598, -2983, -10904
3448, -156, 14136, 3434, -3578, -11164, 6716, -2972, 28928, 2894, -428, -4207, 5076, -396, 16224, 1721, 71, -4113, 5044, -644, 16048, 1927, 397, -4588, 4596, -556, 16192, 1950, 515, -4992, 4440, -668, 16212, 2191, 443, -5195, 4492, -248, 15796, 2335, 377, -5648, 4612, 28, 15440, 2345, 87, -6244, 4348, 100, 14716, 2238, -294, -7084, 4144, 220, 14548, 2135, -905, -8067
3564, 248, 14488, 2096, -1582, -9052, 8052, -2276, 31016, 593, -277, 823, 5068, -40, 15744, -93, -601, 520, 5468, -524, 16332, 546, -841, -28, 5832, -348, 16404, 1222, -570, -868, 6108, -256, 16220, 1191, 296, -1857, 5796, -256, 16268, 1058, 894, -2874, 5292, -228, 16024, 991, 863, -3920, 4936, -228, 15692, 1226, 439, -4896, 4452, -320, 15436, 1596, -109, -5679
4204, -196, 14988, 1913, -528, -6229, 8104, -1060, 31528, 1525, 371, -2054, 4932, 724, 16448, 457, 451, -2565, 4828, -20, 15944, 764, 11, -3183, 4368, 256, 16484, 1238, -256, -3794, 4524, 364, 16248, 1903, -571, -4199, 4504, 416, 15612, 2343, -627, -4536, 4608, 428, 15288, 2521, -836, -4970, 4576, 712, 14964, 2609, -1195, -5781, 4140, 928, 14632, 2459, -1595, -6770
3720, 772, 14064, 2208, -2147, -7669, 8812, -2700, 28540, 1523, -768, -2058, 5172, 992, 15036, -172, -627, -3081, 5412, 400, 14524, -222, -869, -4460, 5036, 572, 14680, -129, -1278, -5756, 4624, 388, 14380, -40, -1420, -6967, 3740, -20, 14056, -28, -1876, -7700, 3276, -196, 14480, 23, -2197, -8045, 2864, -472, 14168, 284, -2336, -7955, 2600, -424, 14148, 279, -2168, -7815
2588, -628, 14424, 178, -2081, -7761, 8900, -2160, 27840, 2964, -1110, -8087, 5544, 1204, 16112, 1750, -1999, -8748, 6060, 232, 15020, 2057, -2543, -9444, 5816, 664, 15504, 2375, -3057, -10041, 5600, 556, 15324, 3202, -3609, -10808, 5160, 348, 14844, 3600, -4068, -11607, 4552, 252, 14676, 3723, -4570, -12377, 3964, 120, 14676, 3797, -5063, -13103, 3280, -148, 14600, 3776, -5482, -13564
2648, -340, 14372, 3658, -5770, -13721, 6536, -804, 30068, 629, 702, -2772, 3752, 1472, 15496, -824, -162, -4471, 4268, 632, 15156, -74, -1676, -6191, 4436, 1012, 15492, 629, -3664, -7765, 4740, 996, 15632, 1621, -5784, -9456, 5064, 1172, 15568, 2758, -8056, -11262, 5424, 1492, 15524, 3798, -9507, -13056, 5672, 1648, 15340, 4670, -9762, -14697, 5816, 1832, 15004, 5166, -8908, -16503
5408, 1788, 14536, 5159, -7484, -18200, 9052, -1068, 21796, 1122, 2777, -1146, 6936, 1056, 14804, -381, 1652, -2567, 6956, 424, 14492, 25, 514, -4028, 6468, 408, 14748, 680, -959, -5036, 6508, 304, 14692, 1304, -1546, -5687, 6364, 328, 14428, 1449, -1601, -6546, 5904, 268, 14360, 1108, -1661, -7545, 5292, 220, 14332, 874, -2035, -8600, 4268, -144, 14224, 692, -2646, -9377
3528, -256, 14288, 676, -3284, -9835, 12516, -244, 28408, 2298, 437, -4933, 9712, 1400, 14920, 511, 480, -6636, 9472, 592, 14368, 475, 481, -8081, 8036, 676, 14552, 660, 16, -9190, 7220, 460, 14224, 848, -474, -10189, 6064, 328, 14388, 906, -1133, -11240, 4640, -16, 14324, 762, -2044, -12030, 3372, -444, 14280, 722, -2917, -12393, 2464, -716, 14584, 663, -3500, -12032
1712, -856, 14792, 904, -3642, -11781, 7688, -996, 29528, 310, 1746, -655, 6056, 956, 14824, -928, 1084, -258, 7736, 560, 14956, -591, 1057, -1097, 7984, 964, 15536, -638, 1057, -2638, 7832, 732, 15304, -878, 1276, -4277, 7488, 524, 15404, -934, 1148, -5628, 6908, 424, 15404, -918, 803, -6786, 6164, 124, 15380, -724, 99, -7604, 5828, 56, 15128, -218, -873, -8198
5368, 76, 15084, 207, -2038, -8706, 9384, -2312, 29680, 426, 1569, -716, 5768, 724, 15656, -983, 1067, -1712, 6332, 88, 15472, -631, 814, -2569, 6424, 112, 15716, -418, 752, -2986, 6936, 228, 15544, -54, 1234, -3460, 7444, 540, 15396, 282, 1556, -4405, 7548, 808, 15264, 531, 1848, -6115, 7404, 984, 15128, 915, 1914, -8458, 6492, 624, 14972, 1071, 2084, -10385
5372, 332, 14176, 1147, 1948, -11570, 10812, -2440, 28848, 2600, -183, -2586, 7324, 1408, 15820, 1122, -226, -4072, 7556, 764, 14900, 1248, -413, -5979, 6624, 888, 14864, 1081, -591, -7665, 6272, 580, 14976, 1093, -539, -9084, 5500, 216, 15092, 1242, -693, -10258, 4980, 28, 15256, 1457, -953, -10853, 4492, -92, 15140, 1724, -1169, -11475, 3812, -272, 14680, 1584, -1451, -11823
2996, -304, 14540, 932, -1754, -11967, 9588, -2588, 21280, 1829, 640, -5311, 7808, 180, 14936, 177, 27, -6099, 8904, 120, 14632, 375, -264, -8172, 9312, 116, 15136, 776, -968, -9942, 10872, 236, 15376, 1279, -1013, -12030, 12252, 692, 15688, 1727, -947, -15120, 12424, 696, 15680, 2270, -573, -18126, 11512, 216, 14476, 2327, -838, -20134, 9992, 176, 14364, 1443, -1922, -21200
8236, 84, 15048, 1517, -2885, -22031, 11124, 316, 29136, -1017, 2418, -22403, 6000, 2008, 15364, -3147, 787, -27504, 3620, -304, 15700, -1288, -830, -27738, 1104, -288, 16144, 1848, -1477, -23173, 2468, 64, 16068, 4282, -1644, -18937, 6624, 1456, 16272, 4891, -567, -20537, 6348, 1932, 15612, 3848, -450, -26236, 2264, 312, 14416, 2710, -4728, -27966, -880, -104, 15200, 2927, -10356, -25612
-1912, 628, 16080, 5230, -12664, -21192, 8552, -840, 25720, 1116, 3539, -13174, 5556, 1528, 14504, -2207, 2164, -14394, 7492, 1376, 15284, -1055, 385, -15320, 9640, 2012, 16268, 636, -159, -17607, 12132, 3204, 16140, 2108, 998, -23406, 10656, 2880, 16164, 2646, 1629, -30096, 6412, 732, 13048, 2386, -83, -31140, 1924, -188, 12328, -467, -5289, -27682, 1564, 456, 15732, 378, -8367, -24726
1068, 404, 15380, 2527, -7384, -22730, 13712, 2920, 21400, 10, 4217, -18521, 7764, 2616, 13600, -4997, 2126, -24307, 4484, -24, 15072, -3310, -2757, -24208, 4436, 1116, 15520, 630, -4870, -20590, 6876, 2092, 14252, 2211, -3396, -19194, 8120, 2556, 13744, 1564, -436, -21382, 7008, 2052, 14460, 89, 1465, -25094, 4476, 736, 14100, -916, 1230, -26757, 952, -1012, 14636, -1725, -2825, -24662
-80, -948, 16524, 412, -5969, -22153, 11724, 224, 31088, -2175, 394, -23999, 10112, 1844, 16152, -1309, 5, -27526, 10940, 2440, 15120, 277, 1589, -32157, 8424, 1796, 14032, -369, 2827, -32512, 7056, 1416, 13520, -972, 2852, -32512, 6356, 1040, 13876, -1440, 2471, -32512, 9240, 812, 14264, -1297, 3325, -32512, 7104, -792, 15112, -1367, 2615, -32512, 2336, -3532, 16316, 579, -1183, -32512
-3752, -4984, 18144, 4562, -8748, -32512, 11140, 1076, 22756, 859, 4557, -9905, 10608, 3152, 14776, -1719, 4671, -17575, 11760, 2160, 14588, -2309, 1879, -24806, 14240, 1992, 17436, -384, -1371, -32512, 14656, 2396, 19820, 4742, -3429, -32512, 12148, 1168, 19484, 10727, -6068, -32512, 8988, 972, 16932, 15151, -7781, -32512, 4952, 1748, 13056, 15257, -9435, -32512, 5548, 1220, 10088, 12164, -11562, -32512
7304, 4352, 9672, 6297, -9202, -32512, 14124, 1068, 31624, 5231, -590, 4238, 15008, 3624, 15848, 4245, 1395, -1287, 14468, 2964, 14728, 2295, 957, -7745, 12076, 2328, 15144, 1166, -518, -11743, 9928, 1648, 15188, 1745, -1785, -12828, 8436, 1212, 14568, 2498, -2791, -12483, 6648, 600, 14240, 2941, -3830, -11326, 5100, 816, 14336, 3364, -4852, -10124, 4352, -280, 13380, 2758, -5353, -9489
2980, 664, 14068, 2168, -5243, -9516, 10740, -2408, 27820, 1691, 356, -2697, 8424, 456, 15140, -94, 950, -4015, 8584, 144, 14736, -389, 1180, -5605, 7512, -112, 14892, -442, 770, -6766, 7052, -168, 14860, 215, 430, -7458, 6444, -72, 14532, 782, -179, -7925, 5528, -272, 14352, 917, -760, -7991, 4772, -408, 14216, 1231, -1510, -7667, 4576, -296, 14072, 1376, -1845, -7769
4196, 352, 13980, 1024, -1058, -8557, 9552, -2100, 31816, 725, 331, -1129, 7500, -248, 16536, -341, 785, -820, 8540, -676, 16228, 225, 1065, -1287, 8476, -352, 16384, 857, 1386, -2211, 8424, -304, 15920, 1201, 1291, -3535, 7868, -256, 15600, 1583, 618, -5082, 7164, -76, 15116, 1847, -359, -6323, 5736, -532, 14908, 2383, -1472, -6521, 5164, -280, 14544, 2854, -2188, -6138
4868, -24, 14312, 2744, -2457, -5981, 4320, -868, 29816, 1067, 572, 1948, 5104, 488, 14480, -282, 1825, 1639, 6384, 108, 14320, -647, 1285, 745, 6796, 672, 15148, -538, 742, -305, 7188, 824, 14924, -256, -484, -1718, 7788, 84, 14616, -149, -641, -3633, 7236, -308, 14592, 183, -875, -5295, 6608, -728, 14720, 550, -1465, -6592, 6184, -1260, 14996, 834, -1718, -6852
6080, -1356, 15348, 1226, -1617, -7023, 7476, -2300, 31788, 980, 138, -3341, 6944, -28, 15556, -310, -28, -4955, 6504, -156, 15032, -234, -1037, -6697, 5876, 112, 15280, 499, -1841, -7993, 5540, -88, 14660, 837, -1941, -8916, 4644, -44, 14416, 894, -1841, -9575, 3800, -56, 14144, 882, -2045, -10016, 3092, 184, 14096, 769, -2519, -10439, 2476, 120, 14404, 591, -3057, -10951
1600, 40, 14412, 522, -3219, -11177, 7308, -1900, 21968, -726, -2081, -5231, 6700, -368, 15424, -1649, -1915, -5749, 6820, -584, 15460, -1061, -2122, -6212, 6864, -564, 15616, -560, -1764, -7047, 6668, -524, 15628, -628, -1366, -8114, 6124, -880, 15796, -514, -1426, -9295, 5464, -1068, 15824, -303, -1703, -10047, 4944, -1192, 15928, -9, -1837, -10726, 4536, -768, 15492, 247, -1770, -11381
3636, -908, 15460, 469, -1781, -11901, 8868, -4824, 32767, 2703, -1212, -5668, 6744, -1140, 15260, 1779, -724, -6479, 6392, -1468, 14524, 1505, -1150, -7944, 5420, -1372, 14312, 1156, -1673, -9414, 4832, -1680, 14204, 567, -2368, -10617, 3972, -2164, 14668, 428, -3080, -11447, 3456, -2456, 15072, 873, -3672, -11691, 3184, -2328, 15260, 1653, -3947, -11653, 2696, -2004, 15104, 2196, -3908, -11479
2140, -1484, 14680, 2616, -3892, -11472, 7476, -4440, 31592, 3310, -3487, -3943, 6012, -1292, 14888, 2055, -2591, -4167, 6008, -1172, 14316, 1769, -2182, -5168, 5568, -908, 14408, 1649, -1832, -6221, 5376, -852, 14128, 1408, -1592, -7133, 4792, -800, 13972, 1057, -1800, -8321, 4000, -1112, 14064, 730, -2330, -9286, 3336, -1372, 14500, 773, -3114, -10004, 2948, -1440, 14580, 1017, -3706, -10453
2768, -1336, 14624, 1047, -4357, -10711, 5332, -1756, 32767, -288, 587, -692, 4632, -212, 14416, -698, 222, -669, 5508, -20, 14860, -593, -864, -1440, 5816, -44, 14940, -139, -1142, -2809, 6016, -100, 15016, -22, -1093, -4020, 6028, -120, 14832, 144, -879, -5087, 6120, -160, 15224, 172, -938, -6106, 5824, -380, 15240, 405, -1300, -7027, 5400, -256, 15036, 732, -1708, -7909
5136, -360, 14780, 793, -2032, -8705, 5944, -2052, 23836, 114, -235, -22, 6036, -420, 14972, -999, 358, -22, 6572, -552, 15028, -743, -147, -457, 7488, -304, 15684, 44, -684, -1505, 8152, -360, 15564, 386, -890, -3170, 8084, -324, 15512, 564, -896, -5068, 7448, -764, 15324, 745, -1010, -6523, 7120, -856, 15092, 1188, -1322, -7532, 6592, -1100, 15108, 1825, -1806, -8081
6260, -888, 14968, 2380, -2129, -8596, 5420, -2372, 21744, -45, -889, 1657, 5620, -440, 14648, -745, 49, 1092, 6020, -564, 14432, -770, -376, -31, 6320, -284, 14944, -176, -629, -1323, 6716, -456, 14656, 156, -579, -2635, 6728, -272, 14476, 486, -506, -3908, 6316, -308, 14768, 712, -720, -5076, 5812, -284, 14676, 881, -1219, -6129, 5528, -208, 14640, 908, -1501, -7056
5044, -256, 14748, 620, -1645, -7750, 6300, -2636, 23648, 375, -1344, -7218, 4860, -660, 14740, -236, -2184, -6846, 4616, -968, 14520, 33, -2410, -6721, 4448, -692, 14944, 660, -2848, -6506, 4908, -484, 14772, 1130, -2295, -6400, 4824, -48, 14400, 1314, -1760, -7426, 4128, 140, 14148, 1337, -1550, -8538, 3280, 192, 13904, 1352, -1724, -9523, 2160, 84, 14020, 1251, -2199, -10053
1544, 76, 14004, 1204, -2535, -10090, 7484, -1972, 28372, 681, -164, -1198, 7092, 304, 14832, -1113, 808, -2705, 6760, 4, 14956, -1576, 494, -3925, 6424, -140, 14996, -1433, -308, -4772, 5900, -248, 15084, -899, -970, -5622, 5732, -612, 14908, -471, -1125, -6303, 5180, -756, 15140, 53, -1128, -6962, 5232, -796, 14880, 278, -593, -7632, 4848, -880, 15116, 786, 197, -8154
4360, -848, 15160, 1365, 617, -8479, 7336, -1712, 31972, 706, -818, -6543, 4396, 136, 14552, -657, -667, -6776, 4532, -292, 14832, -849, -1093, -7755, 3876, -296, 15200, -582, -1861, -8873, 3368, -312, 14928, -436, -2298, -9379, 2760, -532, 14864, -427, -2555, -9171, 2592, -592, 14820, 63, -2630, -8590, 2796, -448, 14724, 671, -2723, -8109, 3008, -32, 14568, 1091, -2737, -7971
3180, 192, 14360, 1073, -2934, -8266, 8648, -2872, 32767, 675, -234, -25, 6980, -944, 15388, -71, -391, -278, 7824, -636, 15172, 506, -428, -1280, 7964, -412, 15396, 983, -602, -2963, 7780, -616, 15308, 1035, -588, -4895, 7312, -736, 15364, 1068, -644, -6511, 6604, -856, 15364, 1232, -759, -7563, 6196, -868, 15028, 1539, -650, -8196, 5628, -820, 15132, 1607, -769, -8762
5140, -784, 14796, 1766, -1048, -9245, 6352, -600, 30848, -563, -754, -2050, 4300, -880, 16088, -1182, -90, -1850, 4708, -828, 16632, -458, -718, -1712, 5384, -268, 16620, 892, -953, -2121, 5636, -108, 16268, 1336, -532, -3102, 5260, -316, 16480, 1364, -350, -4233, 4716, -428, 16340, 1587, -451, -5121, 4264, -468, 15968, 1758, -532, -5581, 3652, -644, 15760, 1842, -674, -5569
3548, -644, 15256, 2089, -805, -5374, 9120, -2420, 32040, 1793, -562, -2620, 6852, -1640, 15968, 509, -132, -2760, 6572, -1956, 16032, 599, 162, -3189, 6232, -1412, 16200, 1190, 52, -3737, 6296, -1332, 16380, 1654, 18, -4586, 6188, -1068, 16040, 2094, 160, -5760, 5712, -852, 15580, 2142, -72, -6939, 5100, -636, 14936, 1891, -589, -7875, 4660, -624, 14668, 1791, -1082, -8558
4072, -548, 14340, 1765, -1603, -9107, 9912, -3768, 32767, 1810, -630, 1435, 9360, -1116, 16004, 384, -149, 285, 9104, -924, 15456, 79, -567, -2069, 8408, -772, 15444, 160, -1261, -4348, 7840, -1032, 15348, 115, -1966, -6216, 7172, -1204, 15316, 476, -2242, -7738, 6600, -1416, 14956, 680, -2434, -8854, 5876, -1632, 14932, 1076, -2891, -9790, 5028, -1632, 14760, 1294, -3234, -10563
4456, -1412, 14520, 1418, -3451, -11190, 9996, -2264, 30028, 2113, 1441, -3741, 7032, -2148, 15356, 941, 1282, -4499, 6320, -2120, 15136, 1159, 407, -5287, 5656, -1696, 15040, 1651, -696, -5752, 5356, -1792, 14728, 1659, -1425, -6250, 4920, -1464, 14532, 1574, -2017, -6850, 4604, -1208, 14432, 1627, -2592, -7667, 4004, -1196, 14332, 1576, -3170, -8598, 2996, -1152, 14124, 1437, -3754, -9385
2260, -984, 13972, 1378, -4281, -9935, 7836, -3940, 32767, 1648, -1128, -3346, 7872, -1952, 16564, 659, 300, -3186, 7704, -1624, 16136, 928, 848, -3804, 7064, -1144, 15864, 1484, 725, -4705, 6608, -1240, 15568, 1598, 385, -5821, 5832, -1188, 15368, 1722, -301, -6687, 5168, -1088, 14988, 2001, -989, -7291, 4616, -860, 14600, 2151, -1648, -7767, 4124, -644, 14136, 2114, -2214, -8251
3504, -412, 13932, 1984, -2742, -8411, 7016, -784, 31788, 387, 81, 851, 5756, -412, 15824, -771, 328, 323, 5840, -360, 15716, -564, -524, -658, 6604, -172, 16180, 172, -929, -1933, 7120, -472, 15764, 305, -1582, -3299, 7516, -436, 16400, 961, -2022, -4119, 8224, -620, 16388, 1756, -2601, -4839, 8684, -312, 16228, 2454, -2510, -6254, 8380, -328, 16056, 2345, -2152, -7795
7504, -444, 15784, 2339, -1921, -9106, 10200, -2544, 32767, 2441, 2150, -11505, 8200, 548, 17420, 3172, 981, -13696, 8372, -68, 16732, 5216, -164, -16562, 7428, -304, 16228, 6610, -1310, -18103, 7320, -100, 16160, 7668, -2101, -19028, 7416, 760, 15584, 8197, -2199, -20786, 6668, 1068, 14660, 7494, -1929, -22854, 5596, 1304, 13912, 5748, -1557, -24122, 5012, 1332, 12944, 3586, -976, -24761
4400, 1688, 12572, 1036, -89, -25359, 10376, -1568, 32767, 582, 6519, -8604, 8380, 1800, 14444, -838, 6129, -12145, 9652, 1276, 14296, -963, 4905, -15466, 9692, 1844, 15556, -43, 3283, -17948, 9804, 1776, 15664, 1779, 2653, -19389, 9400, 1832, 15684, 2998, 3377, -20311, 8852, 1872, 15464, 3469, 5154, -21530, 7372, 1432, 14980, 2891, 7458, -22664, 5760, 864, 14376, 1722, 9771, -23626
2880, 52, 13052, -505, 9952, -23206, 8268, -2000, 26692, 2801, -1533, -6097, 9188, 1368, 16324, 1851, -1131, -7589, 10740, 2336, 16384, 2222, -304, -11856, 10820, 2340, 16044, 1875, 410, -16857, 9792, 1604, 15096, 995, 303, -20020, 8552, 920, 14796, 902, -452, -21068, 7588, 1068, 14764, 1347, -1199, -21014, 7060, 1180, 14540, 1792, -1229, -20912, 6268, 944, 14392, 1674, -608, -21222
5080, 576, 14360, 1035, 145, -21631, 5668, -2568, 23636, 500, -676, -2586, 5376, -132, 15848, -249, -1657, -2240, 7436, -536, 15956, 763, -1851, -2828, 8944, 432, 16660, 1401, -932, -4646, 10316, 864, 16672, 1682, 574, -7911, 11744, 1484, 16936, 2045, 1922, -12896, 11348, 1256, 16336, 2065, 2181, -18615, 9344, 496, 15524, 2012, 1070, -22704, 7624, 288, 15280, 2185, -748, -24808
6848, 596, 15400, 2981, -1143, -25964, 8380, 736, 31424, 228, 6584, -2394, 5660, 1716, 15068, -1893, 7161, -5537, 5284, 792, 14592, -1494, 6007, -6828, 6224, 1176, 16268, -93, 3332, -7646, 8008, 1680, 17960, 3032, 847, -10219, 9712, 2016, 18656, 6782, -1281, -14829, 10092, 2348, 18552, 9469, -2545, -20820, 9252, 1752, 17928, 11060, -2978, -26151, 7584, 1360, 17144, 12231, -2711, -29519
5460, 1468, 15636, 12375, -1149, -30399, 11088, -456, 28056, 357, 3706, -2299, 8828, 1872, 16484, -604, 5429, -7641, 9080, 1600, 15724, -189, 5864, -13154, 8188, 752, 16268, 467, 3378, -16775, 9348, 1640, 17764, 3158, 298, -20224, 9288, 1700, 18752, 6674, -2659, -23543, 9180, 1752, 18736, 10712, -5281, -26054, 9344, 2328, 17052, 13171, -6066, -28864, 8620, 2312, 15852, 12841, -5322, -31332
7188, 2228, 14348, 11027, -3715, -32512, 9852, -904, 32767, 5038, -847, 4889, 7724, 2160, 15188, 3350, -952, 4384, 8756, 2000, 14916, 2908, -1221, 2877, 8880, 2288, 15036, 3106, -1459, 928, 8716, 1924, 14136, 2743, -2082, -861, 8188, 1868, 13872, 2264, -2894, -1872, 7760, 1304, 13668, 2035, -3481, -2393, 7240, 924, 14368, 2215, -3632, -2451, 6608, 624, 14312, 2866, -3535, -2774
5440, 176, 13552, 3141, -3603, -3296, 9504, -2924, 32767, 1680, 3632, 5991, 8808, 88, 17476, 1519, 4538, 6352, 10952, 620, 16652, 2418, 4920, 4693, 11796, 1464, 16336, 2740, 4573, 1692, 12312, 1492, 15656, 2241, 3713, -2041, 11360, 1596, 15264, 1582, 2475, -5906, 9672, 1112, 15092, 1289, 906, -8721, 7572, 280, 14532, 1515, -723, -10266, 5528, -232, 14276, 1644, -2054, -10563
3756, -820, 14200, 1658, -2945, -10034, 9392, -2912, 30932, -90, -217, -4139, 10180, -1008, 16868, -1072, -583, -5767, 10636, -1608, 16312, -731, -1328, -6527, 11692, -1640, 16528, 602, -1252, -6507, 12440, -1660, 16040, 1487, -461, -6983, 12556, -1712, 15736, 1850, 624, -8228, 11552, -1644, 16048, 2291, 592, -10095, 9956, -1900, 15956, 3001, -613, -11958, 8508, -1868, 15132, 3709, -2193, -13263
