-2180, 2908, 13924, -432, 3082, 2053, -2064, -2708, 29508, 1148, 1227, -727, -2244, -500, 15080, 28, 2884, 380, -2376, -324, 14808, 763, 3192, 926, -2244, -248, 14576, 594, 2777, 1290, -1760, -316, 14136, 240, 1921, 1087, -1804, -316, 13768, 63, 669, 901, -1868, -248, 13800, -479, -285, 610, -1860, -384, 13808, -736, -697, 549, -1988, -464, 14000, -853, -20, 542
-2204, -696, 14328, -521, 247, 1051, 1512, -1208, 27876, 1974, 386, -443, -912, 204, 14248, 81, 742, 279, -1240, 404, 14848, 131, 819, 18, -1104, 124, 14324, -59, 773, -69, -1304, 112, 14416, -54, 672, -110, -1424, 248, 14380, 11, 406, -65, -1276, 320, 14364, 32, 341, -83, -1296, 248, 14112, 2, 185, -211, -1272, 204, 13924, -116, -117, -211
-1272, 64, 14100, -331, -379, -195, 1096, -2600, 32188, 2497, 1955, -644, -1504, 704, 14912, 755, 1633, 37, -800, 280, 14372, 791, 1379, -57, -1140, 352, 14192, 179, 1214, -126, -920, 56, 14184, -58, 1003, -92, -1124, 160, 14228, 140, 744, -49, -1260, 20, 14088, 77, 388, -24, -1248, 208, 14076, -23, 130, -9, -1140, 20, 14148, -307, -74, 26
-1152, 68, 14280, -382, -45, 39, 1892, -1716, 28884, 1057, 1290, -558, -1380, 432, 14404, -645, 974, 60, -1124, -92, 14192, -164, 1094, -17, -680, -156, 14420, -110, 841, 88, -880, -96, 14284, 73, 561, 89, -936, -152, 14324, 347, 201, 26, -860, -252, 14240, 327, 180, -4, -968, 16, 14440, 206, 318, -14, -1124, -28, 14452, 309, 373, 75
-1308, 52, 14408, 459, 346, 179, 1216, -3596, 31972, 2226, 1580, -887, -712, -220, 14776, 784, 1558, -96, -1088, 104, 14112, 923, 1551, -143, -1340, 56, 14096, 247, 1328, -44, -1096, -120, 14224, -206, 1144, -27, -1352, -112, 14492, -209, 604, 35, -1176, -100, 14340, -66, 190, 118, -1308, -140, 14208, -18, -27, 172, -1212, -140, 14244, -3, -28, 195
-1328, -12, 14344, -189, -18, 259, 1144, -3096, 31432, 1484, 527, -640, -1396, 432, 15068, -174, 250, -196, -852, 40, 14140, 71, 675, -440, -1104, 108, 14420, -391, 739, -458, -1040, -72, 14540, -452, 766, -318, -1008, -44, 14556, -251, 557, -232, -1040, -140, 14596, -66, 510, -140, -1088, -216, 14736, 15, 377, -158, -1068, -240, 14268, -26, 378, -137
-1140, -196, 14324, -249, 343, -148, 200, -2616, 23040, 2159, 1855, -343, -628, -112, 14052, 114, 1486, 223, -964, 80, 14308, 168, 1395, 211, -1188, -8, 14140, -454, 1496, 2, -764, -88, 14216, -319, 1261, 139, -1468, -72, 14520, -446, 1094, -23, -1272, -132, 14388, -166, 911, 179, -1184, 20, 14548, -191, 737, 342, -872, -24, 14336, -164, 506, 418
-892, -108, 14324, -298, 342, 230, 256, -2468, 21236, 1302, 2012, -801, -1020, -164, 14600, -236, 2428, 33, -992, 120, 14840, 431, 2623, 270, -848, -112, 14608, 257, 2571, 407, -944, -264, 14408, 133, 1893, 288, -1232, -164, 14372, 155, 1140, 188, -1300, -68, 14340, 130, 667, 79, -1360, -24, 14032, 131, 168, 99, -1292, -44, 14180, 121, -93, 204
-1200, -36, 13864, -97, -197, 79, 1172, -2556, 32767, 2097, 2369, -821, -1620, 240, 14752, 232, 2182, 3, -1508, 84, 14588, 226, 2073, 171, -1312, 104, 14088, -412, 1839, 378, -1244, -88, 14004, -737, 1605, 373, -1224, -80, 14200, -563, 823, 311, -1276, -80, 14392, -389, 296, 115, -1316, -128, 14280, -222, -40, -25, -1412, -208, 14360, -65, -301, 38
-1396, -88, 14352, 61, -216, 110, 676, -2960, 27288, 1463, 1615, -523, -788, -132, 14876, -234, 1295, 145, -884, -72, 14156, -220, 1233, 99, -1068, 52, 14080, -851, 1184, 221, -1096, -44, 14400, -1074, 1099, 379, -1224, -76, 14436, -791, 980, 516, -956, -248, 14544, -536, 622, 453, -904, -396, 14308, -344, 147, 408, -764, -480, 14216, -458, -59, 158
-932, -456, 14320, -500, -59, 23, 328, -2816, 26040, 2043, 2806, -384, -916, -292, 14808, 466, 2391, 495, -772, -112, 14536, 549, 2149, 449, -1048, -288, 14316, -14, 1752, 466, -1108, -360, 14032, -337, 1102, 464, -1228, -64, 14224, -434, 474, 378, -1168, -76, 14088, -689, 139, 297, -1136, 8, 14232, -742, 110, 164, -1336, -144, 14092, -387, 319, 323
-1172, -208, 14200, -131, 357, 268, 980, -2744, 31504, 1751, 3331, 181, -1620, -288, 15264, 259, 2438, 990, -952, -280, 14636, 551, 2081, 567, -1072, -60, 14032, -265, 1914, 223, -1328, 52, 14420, -810, 1596, 19, -1620, -148, 14476, -389, 1076, 235, -1472, 76, 14616, 90, 562, 261, -1464, -64, 14384, 515, 241, 215, -1480, -12, 14240, 910, -159, 202
-1600, -76, 14132, 1028, -472, 229, 1296, -1460, 28224, 360, 866, -141, -1016, -192, 14568, -757, 508, 327, -1276, -24, 14644, -243, 638, 71, -1272, -48, 14340, -223, 1154, -114, -1340, -76, 14656, 71, 1462, -10, -1532, -68, 14672, 385, 1312, 152, -1248, -24, 14728, 689, 1071, 195, -1616, -256, 14468, 1085, 809, 420, -1684, -132, 14624, 1450, 486, 522
-1744, -124, 14772, 1747, 315, 753, 124, -2580, 21400, 1899, 1026, -525, -764, -220, 15000, 698, 1160, 143, -1192, -24, 14848, 1076, 1407, 327, -900, -128, 14184, 712, 1159, 489, -952, -20, 14112, 199, 792, 576, -868, 20, 14176, -46, 263, 467, -984, 156, 13720, -465, 2, 148, -784, 32, 13880, -772, -365, -151, -988, 92, 14252, -621, -224, -219
-932, -116, 14412, -226, -31, -167, 1156, -3840, 30652, 1319, 1175, -423, -532, -480, 14656, -171, 746, 136, -792, -372, 14400, 242, 813, 167, -956, -268, 14492, 20, 757, 185, -792, -268, 14360, 6, 723, 244, -1008, -204, 14392, 221, 454, 242, -956, -68, 14288, 344, 337, 183, -984, 4, 14164, 259, 180, 181, -1060, -148, 14132, 174, 14, 125
-1108, -100, 14176, -22, -102, 209, 948, -3328, 25072, 1273, 819, -674, -484, -324, 14688, -418, 1101, 41, -1012, -128, 14856, 174, 1411, 30, -1200, -4, 14512, 139, 1258, 242, -888, -56, 14228, 63, 982, 302, -912, 20, 14192, -131, 618, 258, -788, -112, 14104, -216, 525, 115, -1116, -40, 14204, -168, 337, 0, -1056, -100, 14484, 89, 67, -29
-1268, -56, 14212, 77, -70, -27, 528, -3004, 25276, 2038, 1565, -766, -64, 44, 13908, -494, 1024, -444, -840, 284, 14380, -718, 909, -688, -816, 244, 14572, -952, 703, -724, -732, 84, 14616, -761, 736, -649, -976, 44, 14600, -471, 458, -635, -768, -24, 14452, -359, 383, -648, -828, -144, 14356, -237, 230, -650, -1040, -316, 14792, 35, 107, -601
-1060, -420, 14704, 420, 75, -529, 228, -2756, 21520, 2665, 2132, -153, -256, -8, 14056, 336, 2118, 414, -1048, 128, 14220, 47, 2076, 375, -1036, 76, 14088, -672, 1450, 304, -1044, 28, 14012, -826, 919, 278, -1096, 44, 14284, -677, 344, 127, -1180, -68, 14532, -326, 36, 114, -1128, -132, 14484, 17, -382, 154, -1088, -188, 14276, 456, -708, 199
-1260, 4, 14132, 411, -1059, 196, 96, -2424, 22364, 1387, 1927, -606, -376, -100, 14068, -700, 1932, 32, -1328, 56, 14496, -449, 2128, -4, -1228, 52, 14204, -530, 1408, 114, -1020, -84, 14292, -323, 860, 190, -1368, -8, 14164, -144, 590, 171, -1172, -172, 14180, -204, 396, 241, -1184, -156, 14076, -155, 96, 252, -1304, -316, 14080, 88, -111, 372
-1212, -108, 14336, 509, -440, 485, 2072, -3124, 32672, 2218, 1700, -243, -988, 48, 14584, 497, 1057, 493, -1124, -84, 14664, 360, 947, 389, -1292, 44, 14312, -380, 757, 391, -860, -112, 14404, -689, 464, 440, -1268, -252, 14416, -428, -103, 182, -932, -396, 14452, -142, -622, 333, -880, -188, 14464, 19, -628, 376, -1004, -196, 14596, 6, -842, 533
-1096, -300, 14472, 91, -935, 849, 996, -3612, 30012, 2670, 2143, -794, -532, -68, 14268, 704, 1577, 73, -1200, 164, 14056, 832, 1704, 195, -1476, 336, 14164, 122, 1766, 427, -1240, 188, 13936, -62, 1906, 579, -1412, 196, 14368, -134, 1439, 596, -1180, 104, 14216, -53, 982, 482, -1100, 312, 14152, -119, 462, 195, -1260, 284, 14000, -118, 286, 73
-1304, 368, 14156, -126, 169, -23, -60, -2452, 21552, 1978, 743, -883, -884, 40, 14108, -447, 999, 50, -1480, 128, 14492, -569, 980, 89, -1212, -4, 14332, -879, 369, 132, -1248, -52, 14352, -726, -47, 104, -1124, -56, 14496, -345, -450, 19, -1224, -20, 14532, -30, -532, 22, -1304, 12, 14604, 114, -692, 185, -1508, -24, 14592, 405, -1043, 373
-1052, 28, 14324, 201, -1305, 372, 24, -2836, 31500, 1958, 2013, -754, -3044, -116, 15000, -265, 2631, -160, -2816, -632, 14856, 575, 2687, -271, -3384, -828, 14280, 710, 1774, 52, -3288, -1068, 13924, 819, 434, 158, -3328, -1028, 14060, 750, -632, 641, -3392, -1320, 14308, 537, -1010, 1311, -3552, -1552, 14792, 716, -1029, 2040, -3364, -1652, 14964, 1202, -1050, 2790
-3016, -1740, 15032, 1568, -1336, 3259, -1272, -2032, 26576, 2726, 1040, -1208, -3368, -888, 13580, 537, 541, -634, -3580, -928, 13888, 350, 221, -702, -3720, -952, 13836, -104, -267, -517, -3556, -888, 14136, -119, -735, -282, -3484, -860, 14468, 278, -942, -127, -3616, -864, 14652, 663, -1241, -8, -3500, -924, 14468, 1087, -1410, 270, -3456, -956, 14420, 1308, -1512, 527
-3432, -880, 14328, 1245, -1605, 757, -116, -3328, 31300, 217, 1100, -518, -3236, -340, 15296, -814, 848, 261, -2464, -940, 14444, 280, 833, 464, -2624, -644, 14236, 248, 429, 801, -2136, -652, 14060, 47, 281, 873, -2264, -604, 14168, -172, 2, 850, -2220, -660, 14132, -279, -273, 743, -2404, -800, 14676, -59, -570, 751, -2648, -840, 14668, 415, -856, 1017
-2256, -1060, 14428, 726, -834, 1238, -2392, -4072, 19520, 1934, 660, -3325, -3996, -1808, 14216, 571, 586, -2355, -3696, -1980, 14312, 1134, 460, -1949, -3736, -1820, 13944, 970, 33, -1372, -3392, -1740, 13860, 956, -148, -1131, -3344, -1624, 14004, 1032, -178, -766, -3560, -1412, 14148, 1193, -331, -585, -3492, -1348, 14108, 1532, -526, -199, -3528, -1244, 13952, 1911, -759, 152
-3360, -1216, 13652, 2004, -1087, 270, -248, -2976, 31236, 1257, 955, 755, -2668, -604, 13576, -745, 901, 1689, -2768, -640, 14000, -906, 968, 1937, -2548, -620, 14192, -1482, 656, 2021, -2140, -828, 13944, -1517, 340, 2033, -1936, -748, 14440, -1111, -186, 1950, -1944, -636, 14864, -351, -661, 1683, -1740, -484, 14548, 204, -1081, 1220, -1540, -632, 14492, 236, -1239, 732
-1792, -320, 14224, 13, -1206, 286, -2856, -4940, 27200, 2457, 2505, -2420, -3484, -2720, 13736, 477, 1588, -1456, -3728, -2364, 13572, 544, 835, -1301, -3728, -2196, 13964, 110, -107, -1168, -3544, -2024, 14000, 123, -628, -893, -3508, -1956, 14468, 343, -694, -914, -3392, -2080, 14564, 794, -958, -936, -3464, -1988, 14084, 1277, -1396, -945, -3328, -1752, 13764, 1218, -1845, -989
-3440, -1808, 13756, 1009, -2175, -788, -872, -3116, 20280, 462, -142, 1980, -2144, -620, 14488, -936, -381, 2327, -2204, -688, 14776, -688, -941, 2011, -1928, -680, 14472, -792, -886, 1903, -2056, -680, 14508, -623, -1017, 1709, -1988, -844, 14580, -351, -1060, 1490, -2072, -896, 14864, -30, -1064, 1308, -2128, -992, 14852, 421, -1254, 1154, -2064, -884, 14624, 686, -1407, 1157
-2020, -972, 14516, 655, -1331, 1221, -544, -4480, 24452, 1715, 83, -700, -2100, -2068, 13808, 120, -201, -183, -2360, -1980, 13744, 381, 107, -258, -2480, -1756, 13800, 117, 249, 83, -2300, -2004, 13572, 10, 414, 40, -2392, -1904, 13820, 53, 43, 185, -2136, -1692, 14188, 274, 67, 228, -1792, -1800, 14088, 589, -52, 173, -2176, -1752, 14068, 988, -158, 80
-2316, -1688, 14348, 1401, -330, 192, -124, -2812, 30884, 2398, 2547, -1711, -1932, -816, 13748, 563, 2268, -1198, -2508, -712, 13948, 273, 1952, -1339, -2604, -1088, 13360, -547, 1449, -1117, -2968, -1148, 13848, -860, 721, -681, -3404, -1192, 14448, -532, 110, -138, -3108, -1316, 14584, 231, -117, 441, -2596, -1284, 14416, 733, 71, 574, -2616, -1172, 14012, 929, -121, 504
-2704, -1004, 14064, 1025, -571, 285, 264, -4452, 32767, 2592, 386, -450, -3048, -88, 14348, 384, 352, 179, -2660, -556, 13884, 260, 346, 76, -3108, -464, 14184, -167, 43, 72, -2784, -656, 14292, 1, -317, 266, -2948, -564, 14408, 306, -551, 363, -2888, -592, 14072, 556, -657, 407, -2752, -412, 14116, 756, -784, 307, -2924, -340, 14080, 664, -916, 302
-3004, -292, 13816, 409, -1007, 336, -656, -2332, 30784, 1297, 3227, -1801, -3432, -432, 14232, 418, 3024, -958, -3676, -312, 14264, 1199, 2290, -812, -3476, -408, 13572, 851, 1388, -634, -3300, -532, 13364, 166, 616, -532, -3412, -732, 14040, -11, -129, -388, -3272, -900, 14408, 247, -364, -362, -3576, -820, 14880, 949, -844, -419, -3340, -644, 14724, 1795, -1181, -494
-3740, -452, 13828, 1840, -1033, -486, -2572, -4160, 29916, 3362, 2610, -1827, -2576, -1968, 13848, 1285, 2218, -843, -3172, -1308, 13592, 1904, 1034, -865, -3164, -1164, 13608, 1566, -346, -447, -3336, -1268, 14056, 1658, -1449, 391, -3148, -1440, 14436, 2300, -2281, 1178, -2636, -1544, 14568, 2714, -1978, 1836, -2308, -1520, 14140, 2717, -629, 2201, -2164, -1340, 14092, 2411, -295, 2096
-1980, -1228, 14040, 1893, -473, 1705, -896, -4164, 31576, 316, 1886, -3731, -2736, -1044, 14748, -1884, 1235, -2035, -2576, -1144, 14632, -1349, 1097, -747, -2632, -1516, 15172, -1042, 745, 361, -1928, -1708, 14932, -391, 710, 1120, -1684, -1996, 14928, 411, 371, 1254, -1692, -1780, 15092, 1136, 98, 1263, -1932, -1584, 14688, 1535, -229, 1231, -1772, -1368, 14288, 1435, -641, 1118
-1716, -1276, 13864, 807, -683, 1138, -592, -5132, 32332, 2846, 390, 1, -1968, -1596, 13976, 255, 711, 766, -2236, -1152, 13976, 147, 1396, 768, -2404, -1116, 14408, -154, 1246, 881, -2420, -1156, 14464, 57, 621, 1030, -2524, -1228, 14640, 577, 162, 1102, -2468, -1120, 14572, 933, 37, 1336, -2356, -1264, 14376, 1047, -93, 1468, -2240, -1320, 14460, 1225, -180, 1596
-2288, -1216, 14324, 1331, -558, 1566, -1628, -3920, 25748, 1638, -21, 67, -1768, -1000, 14640, 58, 607, 226, -2488, -564, 15036, 641, 1334, 47, -2476, -636, 14600, 843, 895, 120, -2372, -484, 14212, 913, 258, 186, -2672, -432, 14108, 768, 19, 297, -2736, -576, 14192, 844, -176, 590, -2692, -912, 14172, 1099, -365, 822, -2612, -616, 14680, 1594, -629, 917
-2444, -724, 14720, 2141, -953, 877, -2264, -2984, 25472, 3178, 1327, -87, -2248, -692, 13540, 1183, 918, 462, -2844, -176, 13704, 753, 595, 503, -2780, -356, 14060, 125, 157, 532, -2592, -436, 14580, 367, -278, 601, -2668, -256, 15120, 1149, -602, 487, -2588, -392, 14500, 1636, -550, 233, -2404, -500, 14252, 1638, -870, -1, -2628, -352, 14156, 1370, -1288, -208
-2624, -360, 13884, 921, -1404, -115, -3520, 2688, 21472, 1202, 509, -694, -3980, 4752, 12496, -306, 151, -74, -4788, 4984, 12944, 112, 551, 47, -4560, 4932, 12724, -25, 691, 106, -4456, 4836, 12772, 6, 418, 189, -4388, 4872, 12688, 81, 98, 66, -4492, 4952, 12708, 155, -130, -70, -4508, 5032, 12756, 249, -354, -130, -4564, 5100, 12720, 233, -285, -103
-4428, 5028, 12796, 232, -227, -146, -3540, 3072, 18652, 2727, 118, -261, -4272, 5520, 11792, 277, 1056, 405, -4836, 5404, 12520, -100, 664, 474, -4588, 5540, 12348, -499, 316, 467, -4704, 5424, 12604, -474, -18, 536, -4524, 5448, 12480, -300, -437, 479, -4456, 5496, 12360, -350, -543, 294, -4480, 5448, 12360, -500, -627, 219, -4408, 5208, 12492, -384, -753, 175
-4328, 5272, 12840, -121, -769, 142, -2964, 3180, 29280, 1302, 330, -302, -4712, 5620, 12476, -460, 331, -11, -4840, 5776, 12820, -111, 124, 42, -4736, 5688, 12556, -343, -5, -7, -4584, 5508, 12568, -352, -176, -35, -4484, 5632, 12472, -98, -268, -233, -4408, 5440, 12712, 107, -190, -401, -4600, 5276, 12548, 227, -184, -439, -4764, 5328, 12416, 262, -229, -369
-4832, 5248, 12260, 240, -239, -353, -3800, 2740, 22616, 2380, 824, -245, -4440, 5512, 12004, 334, 1463, 463, -4824, 5688, 12580, 434, 1417, 604, -4680, 5648, 12464, 110, 1132, 553, -4496, 5344, 12276, 50, 530, 537, -4624, 5460, 12500, 170, -58, 343, -4616, 5656, 12252, 169, -181, 256, -4848, 5432, 12384, 136, -447, 190, -4884, 5664, 12280, -40, -874, 161
-4780, 5436, 12192, -305, -1245, 205, -2860, 1852, 29516, 1773, 1345, -413, -5388, 5652, 12804, 13, 1374, 157, -4488, 5244, 12080, 175, 1277, -69, -4796, 5536, 12420, -466, 978, -269, -4900, 5296, 12600, -618, 548, -219, -4976, 5244, 12836, -289, -87, -191, -4976, 5208, 12836, 56, -356, -76, -4884, 5176, 12956, 334, -642, -4, -4856, 5200, 12692, 488, -865, 64
-4824, 5144, 12560, 424, -887, 121, -3828, 2284, 21792, 1426, 1455, -371, -4572, 5084, 11828, -524, 1383, 391, -5260, 5440, 11964, -228, 1143, 431, -5148, 5356, 12120, -659, 680, 278, -5172, 5188, 12184, -790, 258, 262, -5060, 5208, 12764, -534, -219, 227, -5060, 5028, 12768, -96, -453, 210, -4992, 5220, 12868, 295, -645, 156, -5088, 5048, 12668, 648, -864, 159
-5020, 5108, 12548, 746, -922, 124, -3288, 1572, 29356, 1354, 522, 1598, -4588, 5452, 12452, -374, 867, 2003, -4772, 5508, 12224, -86, 485, 1894, -5076, 6036, 12192, -637, 146, 1689, -4844, 5860, 12220, -768, -3, 1484, -4904, 5932, 12540, -931, -259, 1318, -4856, 5776, 12788, -695, -497, 1272, -4944, 5660, 13040, -195, -738, 1200, -4852, 5556, 12900, 204, -1016, 1054
-4612, 5780, 12788, 314, -1118, 851, -2152, 3764, 28444, 1778, 1727, -1376, -4552, 5884, 13056, 662, 1437, -1463, -4712, 5756, 12984, 1708, 1139, -1912, -4788, 5856, 12588, 1585, 672, -2255, -4852, 5808, 12408, 1564, 580, -2252, -5112, 5664, 12296, 1597, 260, -2090, -5348, 5664, 12072, 1658, -48, -1973, -5536, 5448, 12220, 1838, -600, -2128, -5684, 5284, 12236, 2100, -1408, -2214
-5892, 5196, 12024, 2170, -1813, -2093, -3488, 3504, 28172, 1223, 859, 291, -5224, 5628, 12292, -711, 647, 492, -5276, 5424, 12512, -260, 409, 367, -5220, 5692, 12308, -539, 211, 246, -5016, 5688, 12132, -821, 403, 179, -5188, 5676, 12172, -683, 325, 131, -5232, 5752, 12408, -568, 156, 83, -5008, 5620, 12332, -243, -148, 55, -5168, 5624, 12504, 194, -301, -83
-5032, 5332, 12336, 452, -410, -200, -4168, 2856, 26524, 1943, 1032, -1007, -4524, 5416, 12276, 110, 732, -827, -5172, 5588, 12116, 622, 594, -876, -5328, 5536, 11880, 285, 444, -908, -5408, 5460, 11892, 145, 250, -955, -5712, 5400, 11720, 156, -207, -948, -5888, 5172, 11740, 231, -542, -769, -6032, 4996, 11888, 315, -915, -508, -5884, 5004, 11888, 459, -1107, -269
-5788, 4992, 11784, 350, -1225, -121, -3696, 2188, 30020, 3659, 1376, -632, -4756, 5340, 12244, 1427, 1125, 358, -4808, 5412, 11652, 1089, 1061, 438, -5076, 5512, 12064, 37, 690, 388, -5024, 5396, 12172, -292, 183, 410, -5180, 5636, 12540, -66, -539, 436, -5016, 5600, 12316, 285, -771, 466, -4836, 5664, 12480, 267, -841, 347, -5108, 5712, 12460, 131, -883, 354
-5084, 5584, 12604, 49, -941, 468, -3280, 2388, 25628, 2822, 634, -533, -4120, 5660, 11876, 191, 418, -126, -4948, 5980, 12072, -41, 220, -100, -5040, 5772, 12284, -571, -1, -208, -4720, 5472, 11932, -707, -186, -253, -4948, 5476, 12252, -646, -430, -431, -5072, 5424, 12336, -531, -547, -446, -5128, 5224, 12388, -533, -820, -358, -5088, 5348, 12440, -507, -969, -265
-4996, 5116, 12528, -552, -941, -173, -3944, 4168, 27236, 2215, 889, -840, -5288, 5360, 12488, 607, 661, -54, -5380, 5416, 12056, 829, 667, 150, -5420, 5520, 11944, 37, 361, 260, -5180, 5388, 12112, -250, 86, 407, -5092, 5548, 12348, -120, -323, 402, -5076, 5532, 12468, 168, -573, 363, -4988, 5536, 12464, 381, -779, 212, -4836, 5584, 12284, 505, -784, 52
-5016, 5632, 12072, 408, -824, -47, -4272, 2288, 25060, 2485, -64, -485, -5048, 5424, 12404, 662, 447, 225, -5224, 5540, 12052, 1034, 642, 587, -5132, 5600, 12196, 425, 458, 645, -5160, 5532, 11992, 101, 190, 595, -5224, 5716, 12120, 15, -158, 490, -5176, 5812, 11940, 62, -233, 430, -5188, 5856, 12156, 110, -444, 284, -4944, 5868, 12100, 57, -637, 174
-5032, 5764, 11948, -283, -820, 66, -4288, 2512, 24500, 1708, 1205, -3, -4792, 5404, 12308, -57, 1107, 396, -5320, 5668, 12112, 529, 929, 360, -5244, 5788, 12072, 157, 568, 210, -5260, 5564, 12072, -39, 267, 166, -5304, 5688, 12540, -10, -155, 156, -5500, 5608, 12420, 176, -330, 188, -5292, 5564, 12568, 279, -592, 218, -5356, 5556, 12580, 397, -671, 125
-5180, 5712, 12432, 381, -733, 9, -4224, 2640, 23340, 1924, 681, 140, -4824, 5528, 11660, -243, 562, 588, -5408, 5848, 11812, 44, 652, 433, -5440, 5940, 11772, -362, 562, 297, -5364, 5780, 11940, -436, 245, 120, -5392, 5940, 11960, -318, -80, -58, -5408, 5824, 12212, -281, -247, -121, -5608, 5632, 12184, -224, -430, -129, -5368, 5508, 12428, -52, -460, -121
-5600, 5588, 12684, 201, -456, -136, -4488, 2408, 25856, 1757, 878, 121, -4960, 5428, 12084, 260, 1303, 767, -5392, 5732, 12080, 622, 1185, 777, -5348, 5708, 11892, 171, 745, 511, -5548, 5892, 11900, -234, 392, 436, -5536, 5780, 12052, -306, 37, 295, -5548, 5856, 12216, -135, -175, 241, -5580, 5768, 12244, 97, -528, 273, -5484, 5764, 12088, 273, -738, 202
-5372, 5800, 11932, 66, -955, -38, -6184, -5292, 20112, 2287, 550, -1164, -6704, -2604, 12720, -419, 1678, -371, -7436, -2460, 13176, -1130, 1774, -62, -7420, -2372, 13384, -2135, 1425, 377, -7280, -2384, 13880, -2216, 1086, 654, -7044, -2272, 14052, -1744, 727, 650, -6860, -2200, 14200, -1285, 371, 360, -7052, -2224, 14008, -914, -38, -4, -7384, -2196, 14224, -605, -805, -110
-7544, -2316, 13972, -114, -1160, 180, -5396, -3760, 30240, 1352, 1929, -197, -5720, -1092, 14008, 203, 2237, 465, -5796, -736, 13424, 1024, 1864, 1077, -5600, -756, 13248, 480, 1387, 1054, -5692, -720, 13356, -34, 1078, 1051, -5956, -832, 13704, 80, 550, 1137, -5996, -772, 14296, 1150, -183, 1251, -5356, -452, 13884, 2469, -750, 993, -4956, -292, 13800, 3390, -1648, 288
-5244, 56, 13256, 3647, -2476, -333, -4516, -2028, 22308, 1342, 1537, 345, -4928, 360, 13256, -459, 977, 439, -5408, 368, 13212, -187, 423, 251, -5400, 192, 13420, -355, -157, 271, -5316, 20, 13416, 78, -532, 288, -5404, 120, 13772, 722, -649, 290, -5364, 36, 13728, 1324, -663, 389, -5568, 172, 13708, 1698, -731, 550, -5296, -8, 13308, 1944, -701, 620
-5300, 256, 13528, 1806, -543, 632, -4396, -1788, 31044, 1539, 241, -1317, -5036, 612, 13468, 51, 88, -809, -5776, 940, 13144, 389, 210, -438, -5964, 836, 13196, -116, 226, 103, -5572, 748, 13080, -336, 259, 508, -5476, 532, 13308, -245, -2, 571, -5568, 580, 13388, 26, -429, 568, -5608, 612, 13236, 231, -674, 626, -5476, 644, 13024, -13, -647, 685
-5700, 948, 13116, -533, -592, 1005, -5068, -740, 32540, 2206, 1493, 226, -5752, 1224, 13576, 39, 1367, 843, -5100, 1184, 12924, 252, 1222, 986, -5520, 1488, 13012, -283, 842, 746, -5588, 1388, 12824, -464, 308, 950, -5732, 1324, 13124, -386, -190, 1256, -5592, 1124, 12980, -335, 22, 1392, -5584, 1100, 13264, -114, -85, 1584, -5384, 1312, 13260, -97, -473, 1692
-5340, 1356, 12984, -232, -1041, 1445, -5320, -608, 29988, 797, -774, 292, -5812, 1384, 13264, -396, -446, 496, -5288, 1224, 13256, 158, -569, 482, -5268, 1252, 13456, 50, -494, 409, -5368, 1380, 13416, 325, -260, 356, -5412, 1384, 13672, 363, 6, 410, -5520, 1328, 13524, 449, 207, 511, -5756, 1176, 13504, 653, 336, 831, -5740, 1336, 13524, 872, 154, 1094
-5340, 1316, 13488, 1083, 190, 1111, -4956, 1020, 27576, 1465, 308, -756, -5792, 1476, 12588, -749, 294, 164, -6028, 1440, 13312, -448, 9, 536, -5788, 1516, 13256, -480, -120, 1032, -5324, 1460, 12928, -483, -354, 1108, -5448, 1432, 13164, -652, -550, 1083, -5468, 1408, 12996, -922, -580, 1237, -5444, 1248, 13164, -1177, -641, 1363, -5520, 1448, 13380, -1397, -658, 1546
-5464, 1252, 13344, -1279, -602, 1589, -4544, -64, 28944, 2244, 373, -57, -5808, 1736, 12080, -663, 890, 675, -5808, 1508, 12808, -855, 469, 881, -5568, 1652, 13000, -1047, 194, 778, -5600, 1432, 13048, -717, -192, 748, -5512, 1484, 13128, -273, -642, 730, -5540, 1652, 13168, -240, -876, 716, -5400, 1408, 12908, -294, -962, 685, -5516, 1444, 13228, -344, -906, 691
-5664, 1488, 13192, -178, -929, 819, -5440, -1124, 22460, 1902, 164, -1279, -5776, 1368, 13232, 40, 59, -795, -6004, 1584, 13352, 277, 223, -606, -5736, 1340, 13052, -258, 213, -349, -5748, 1248, 13252, -437, 251, 0, -6104, 1144, 13684, -126, 73, 359, -6104, 1040, 13572, 346, -257, 745, -5848, 1184, 13208, 659, -452, 874, -5628, 1140, 13264, 564, -644, 904
-5540, 1252, 13248, 445, -608, 958, -5020, -1096, 27612, 1204, 596, -232, -5232, 1596, 13272, -777, 341, 259, -5552, 1444, 13052, -314, 365, 238, -5568, 1484, 13068, -302, 48, 339, -5456, 1484, 13356, -38, -179, 465, -5724, 1456, 13180, 485, -613, 459, -5380, 1328, 13476, 1056, -569, 569, -5536, 1264, 13288, 1352, -681, 626, -5580, 1492, 13340, 1563, -793, 724
-5508, 1432, 13032, 1337, -772, 771, -5524, -916, 29772, 4911, 1288, -1450, -5392, 1636, 12536, 2510, 1231, -253, -5748, 1820, 11996, 1840, 1072, 425, -5976, 1892, 12036, 525, 503, 1169, -5688, 1892, 12740, -103, 77, 1911, -5200, 1992, 13516, 233, -4, 2323, -4416, 2012, 13788, 941, -119, 2300, -4212, 2252, 13780, 1612, -551, 1707, -4552, 2652, 13372, 2294, -1282, 718
-6588, 3332, 13000, 2634, -2901, 368, -4768, 60, 31092, 1994, 751, -749, -5792, 1844, 12664, -216, 645, -19, -5308, 1212, 12532, -549, 497, -190, -6020, 988, 13416, -1026, -491, 55, -6012, 1124, 14224, -410, -894, 358, -6076, 1020, 14560, 685, -1151, 800, -5588, 1312, 14296, 1426, -1040, 1094, -5192, 1416, 13420, 1221, -595, 1045, -5220, 1476, 13380, 489, -240, 1169
-5284, 1500, 13604, -144, -433, 1348, -4124, 792, 29012, 1793, 2950, -535, -4336, 2616, 14780, 772, 4112, -787, -4348, 2508, 13456, 2043, 2879, -1226, -3940, 2580, 12508, 1506, 758, -1969, -4748, 2352, 11852, 439, -448, -2451, -5300, 1880, 12468, -330, -1015, -2108, -5912, 2012, 12908, -471, -800, -1402, -5616, 1900, 13072, -314, -957, -623, -5164, 1768, 13212, -222, -1571, -446
-5152, 1884, 13300, -178, -2259, -322, -3028, 4, 23588, 4086, 1390, -585, -3344, 2304, 14420, 2343, -47, -630, -3620, 2268, 13984, 2293, -656, -1060, -3544, 1940, 13564, 861, -736, -1244, -3780, 1628, 13808, -113, -389, -1003, -3976, 1388, 14432, -534, 164, -755, -4356, 1144, 14920, -64, 466, -123, -4492, 1204, 14948, 908, 500, 592, -4484, 1512, 14656, 1513, 189, 1247
-4008, 1608, 14204, 1647, -888, 1568, -2580, 488, 32767, 2802, 2338, 127, -3848, 2532, 14332, 938, 1976, 592, -3768, 2412, 14160, 889, 1747, 688, -3932, 2640, 13804, 372, 1560, 736, -3900, 2444, 13828, 205, 1376, 690, -4180, 2364, 13804, 551, 1145, 724, -4340, 2300, 13220, 745, 1364, 1005, -4532, 2172, 12880, 703, 1467, 1497, -4612, 2480, 12764, 597, 544, 1890
-4124, 2896, 12636, 562, -311, 1853, -2828, -1836, 24480, 277, 1498, 186, -3088, 412, 13644, -1388, 743, 456, -3336, 580, 14396, -348, -280, 518, -3068, 304, 13988, -229, -644, 493, -3132, 316, 13860, 35, -520, 685, -3276, 516, 14372, 316, -716, 985, -3036, 780, 14456, 561, -821, 1045, -2816, 804, 14332, 733, -1078, 1092, -2832, 880, 14120, 664, -1189, 1076
-2572, 1052, 13936, 359, -921, 991, -1852, -768, 32140, 1297, 1727, -1133, -3332, 1212, 13780, -544, 1471, -719, -2940, 684, 13992, -61, 1479, -683, -3168, 560, 14020, -179, 745, -629, -3108, 264, 14060, 105, 160, -509, -3160, 268, 13932, 474, -276, -263, -3256, 328, 14072, 887, -419, 141, -3292, 308, 14224, 1035, -536, 529, -3076, 452, 13980, 1048, -529, 720
-3104, 688, 13984, 981, -611, 811, -2732, -1744, 26880, 2398, 1099, 119, -2732, 736, 13856, 344, 1230, 746, -3060, 912, 13900, 777, 1153, 773, -2972, 748, 13596, 508, 616, 736, -2920, 872, 13488, 333, 206, 550, -2972, 972, 13756, 165, -82, 407, -3068, 900, 13712, -186, -325, 376, -3272, 716, 13816, -353, -373, 378, -3256, 800, 14100, -658, -579, 444
-3144, 596, 14032, -654, -407, 658, -2456, -1072, 28704, 1516, -120, -2432, -2308, 1328, 13480, -993, 677, -1946, -2412, 1032, 14044, -963, 637, -2415, -2844, 992, 14472, -1277, 270, -2917, -3368, 1072, 14956, -794, -45, -3100, -3972, 1276, 15232, -39, -452, -2927, -4008, 1380, 15240, 367, -607, -2539, -3684, 1188, 15008, 394, -664, -2178, -3496, 804, 14624, 43, -926, -2002
-3568, 412, 14496, -247, -1138, -1859, 776, -32, 31816, 1916, 962, -1312, -588, 2536, 13444, -763, 1758, -1171, -972, 2248, 13652, -585, 1431, -1307, -1840, 2244, 13856, -544, 172, -910, -2116, 1800, 13960, 355, -1328, -24, -1520, 1588, 14364, 1527, -2684, 676, -240, 1884, 14212, 2251, -2339, 779, 464, 1964, 13632, 1852, -830, 251, 648, 2088, 13008, 777, 522, -452
572, 2248, 12940, -177, 1176, -1399, -32, -2608, 30864, 5590, -118, -3249, -880, 324, 13676, 3821, -1331, -3530, -1604, 96, 13024, 3926, -2802, -3627, -1552, 264, 12816, 3143, -3144, -3201, -1780, 240, 13268, 2317, -2136, -2265, -1888, 28, 13056, 1257, -1133, -938, -1736, 164, 13332, 217, -102, -22, -1708, -88, 14128, 47, 493, 519, -1864, -36, 14860, 500, -35, 851
-1652, -24, 14644, 1177, -672, 1051, -552, -620, 32628, 2288, -1728, -3060, -1184, 1172, 13420, -16, -402, -3125, -1620, 552, 13632, 748, -515, -2903, -2232, 616, 13828, 1292, -1233, -2324, -2616, 488, 13576, 1765, -1885, -1405, -2852, 112, 13900, 2145, -2198, -217, -2768, 280, 14308, 2322, -1971, 1189, -2260, 288, 14296, 2307, -1083, 2193, -1904, 248, 14480, 1930, -235, 2830
-1864, 368, 14148, 1738, 52, 3326, -1208, -1060, 32767, 1185, 2993, -1486, -1568, 744, 14436, -628, 3118, -794, -1676, 704, 14132, -189, 2570, -403, -1812, 924, 14112, -453, 2055, -246, -1852, 804, 14236, -366, 1604, -119, -2084, 792, 14364, -32, 607, 82, -2044, 680, 14388, 413, -390, 255, -1920, 824, 14428, 704, -1118, 353, -1788, 836, 14264, 899, -1487, 360
-1644, 940, 14024, 491, -1913, 370, -1256, -1968, 29588, 1915, 427, -938, -864, 988, 14320, -419, 574, -702, -1396, 704, 14780, -54, 597, -1038, -1480, 336, 14660, -238, 303, -1093, -1736, 376, 14592, -59, 215, -886, -2084, 312, 14316, 310, -153, -658, -2180, 84, 14648, 788, -633, -141, -2348, 184, 14492, 1337, -932, 408, -2040, 96, 14460, 1670, -1013, 833
-1656, 156, 14376, 1540, -912, 803, -1888, -2480, 32148, 2128, 1024, -1751, -1408, 288, 14624, 165, 1304, -979, -2064, 428, 14392, 808, 1155, -638, -2020, 96, 13976, 653, 619, -156, -2004, 176, 13880, 720, 234, 261, -2076, 176, 14012, 873, -247, 687, -1856, 208, 14024, 1130, -508, 1008, -1680, 344, 14092, 1296, -587, 1144, -1516, 292, 14308, 1428, -677, 1137
-1416, 560, 14484, 1586, -906, 1027, -2408, -1208, 29296, 1046, 791, -1132, -1876, 660, 13952, -1012, 788, 12, -2116, 872, 13944, -607, 375, 397, -1652, 844, 14456, -463, 91, 703, -1668, 684, 14716, 51, -21, 1046, -1580, 888, 15048, 797, -231, 1204, -1696, 884, 14708, 1556, -545, 1395, -1428, 940, 14372, 1682, -1013, 1497, -1396, 1132, 13896, 1269, -1364, 1426
-1336, 1200, 14180, 820, -1429, 1343, -748, -1988, 26640, 1664, 2020, -709, -1000, 848, 14268, -280, 1515, -13, -1768, 1144, 14592, 347, 926, -85, -1520, 1016, 14528, 436, 484, -93, -1772, 952, 14504, 521, -70, 217, -1624, 1004, 14552, 713, -690, 317, -1784, 1008, 14792, 830, -948, 559, -1464, 1072, 14672, 964, -967, 822, -1344, 1136, 14628, 901, -984, 1017
-1304, 1324, 14560, 911, -982, 1076, -1488, -1416, 28528, 1426, 815, -2110, -1884, 980, 14416, -395, 1093, -995, -2536, 1068, 14272, 199, 742, -201, -2204, 956, 14264, -125, 172, 481, -1876, 984, 14768, -52, 12, 905, -1932, 1012, 15424, 594, -142, 1109, -2052, 960, 15500, 1750, -68, 1491, -1968, 992, 15096, 2643, -31, 2217, -2008, 1212, 14148, 2718, -362, 2648
-1584, 1424, 13340, 2090, -910, 2631, -1224, 576, 32767, 682, 1061, -845, -1880, 1148, 14396, -836, 781, 131, -2148, 1380, 15040, -92, 311, 567, -1568, 1432, 14924, -102, 17, 722, -1428, 1280, 14684, 96, -76, 609, -1280, 1284, 14580, 304, -546, 372, -1480, 1256, 14328, 542, -831, 125, -1736, 1164, 14488, 681, -1235, 112, -1568, 868, 14140, 743, -1443, 160
-1560, 824, 14448, 592, -1382, 195, -128, -3008, 31000, 1296, 98, 1812, -836, 180, 14604, 38, 286, 2532, -1456, 408, 14172, 970, -130, 2916, -540, 556, 13888, 586, -406, 2657, 404, 1016, 14160, -22, 322, 1423, 468, 824, 14712, -193, 1112, 66, -504, 768, 15076, 364, 1200, -439, -1436, 636, 15100, 1442, 423, -236, -1828, 380, 15168, 2481, -358, 444
-1668, 588, 14932, 3171, -713, 1137, -456, -2148, 24804, 1937, 965, -1538, -1064, 444, 13408, -211, 1297, -428, -1604, 632, 13808, -233, 1146, -260, -1196, 628, 13876, -922, 942, -313, -1120, 464, 14168, -804, 724, -346, -1380, 484, 14796, -201, 25, -357, -1440, 392, 14804, 635, -679, -270, -1464, 528, 14724, 1175, -1064, -111, -1444, 848, 14308, 1328, -1100, 116
-1580, 920, 14156, 1032, -1235, 365, 444, -1396, 32767, 1965, 1851, -990, -1068, 1380, 14072, -26, 928, -683, -728, 684, 13956, 176, 365, -879, -944, 932, 13916, -318, 51, -911, -1012, 520, 14152, -388, -134, -784, -1192, 496, 14480, -205, -752, -674, -1408, 340, 14572, 261, -1090, -441, -1308, 304, 14868, 665, -1317, -62, -1200, 332, 14592, 1091, -1279, 385
-976, 540, 14516, 1063, -1314, 725, 1308, -2544, 32767, 1461, 1241, 1686, -828, 1184, 14100, -75, 864, 2341, -172, 964, 13632, 176, 160, 2261, -448, 1228, 13864, -335, -77, 1886, -320, 756, 13792, -475, 9, 1645, -400, 860, 14304, -416, -195, 1437, -828, 764, 14500, -170, -476, 1235, -1004, 456, 14304, 30, -698, 1361, -1004, 444, 14060, -123, -737, 1661
-1132, 428, 13876, -270, -736, 1884, -52, -2036, 32767, 1146, 1841, -1503, -1892, 1204, 14668, -436, 1380, -721, -1724, 828, 14580, 199, 768, -380, -1500, 732, 14468, 470, 351, 11, -1272, 708, 14264, 632, 169, 334, -1340, 792, 14156, 833, -304, 434, -1132, 944, 13688, 904, -716, 448, -1008, 1008, 13720, 728, -1039, 252, -916, 1196, 13764, 519, -1423, 57
-880, 936, 13988, 290, -1768, -158, 476, -2388, 32767, 1315, 1008, -1562, -1432, 824, 14356, -338, 901, -1073, -1640, 692, 14300, 184, 441, -683, -1632, 496, 14088, 150, -2, -284, -1376, 388, 14456, 442, -299, 92, -1360, 764, 14292, 749, -799, 364, -908, 804, 14120, 956, -985, 374, -812, 936, 14120, 873, -1058, 212, -828, 1004, 14284, 639, -1199, -44
-716, 920, 13972, 320, -1310, -295, -316, -1856, 26000, 1690, 778, -1135, -648, 992, 13604, -446, 509, -622, -1304, 1268, 13904, -296, 73, -603, -1160, 1112, 14024, -878, -244, -572, -1220, 972, 14484, -1005, -294, -491, -1268, 1052, 14724, -627, -430, -481, -1284, 992, 14932, -173, -454, -476, -1328, 980, 14536, 88, -764, -487, -1208, 1204, 14064, 81, -1115, -426
-1224, 1088, 13728, -420, -1353, -482, -56, -1728, 32048, 882, 760, -2160, -908, 424, 13924, -1194, 304, -1752, -1848, 764, 14204, -805, -5, -1472, -1952, 640, 14252, -828, 67, -875, -1832, 408, 14248, -558, 312, -252, -1832, 440, 14312, -161, 105, 420, -1384, 596, 14260, 211, 52, 795, -1188, 716, 14232, 491, -169, 923, -1044, 884, 14388, 888, -525, 829
-1108, 824, 14504, 1326, -742, 822, -872, -2956, 30600, 1701, 1654, -1027, -2184, 660, 12988, -723, 2121, -196, -2820, 632, 13236, -179, 1687, -118, -2632, 112, 13096, -261, 392, 140, -2548, 336, 13064, -290, -629, 158, -2452, 512, 13480, -281, -904, 153, -2404, 592, 14304, -88, -349, 266, -2628, 156, 14484, 228, -86, 673, -2700, 684, 14696, 351, 160, 946
-2644, 604, 14664, 141, 587, 835, 1952, -3200, 32767, 887, 1537, 203, -632, 396, 14548, -1321, 1446, 407, -1220, 56, 15604, -532, 833, 159, -944, 28, 15048, -393, 224, -36, -836, -28, 15128, 73, -254, -166, -1136, -260, 15156, 785, -1030, -235, -1132, -24, 15220, 1522, -1523, -365, -984, 32, 14988, 1826, -1886, -460, -1064, 24, 14624, 1704, -2225, -404
-972, -200, 14496, 1304, -2376, -316, 868, -1724, 30912, 479, 1500, -4188, -608, 744, 14208, -1322, 691, -3948, -928, 700, 14644, -668, 135, -3994, -1016, 192, 14804, -603, -378, -3925, -1276, 308, 14880, -217, -722, -3670, -1216, -372, 15084, 337, -821, -3017, -1388, -320, 15096, 1031, -767, -2695, -1660, -344, 14956, 1543, -1042, -2143, -1756, -52, 14768, 1800, -1701, -1376
-1560, 220, 14116, 1564, -1769, -761, -168, -3108, 32767, 2611, 918, -1108, -1120, 100, 14544, 743, 648, -898, -1384, -144, 14244, 1329, 501, -1142, -1512, -332, 13876, 1016, 488, -1198, -1656, -80, 13936, 654, 349, -1010, -1584, -16, 14012, 425, 268, -935, -1732, 68, 13920, 125, 131, -896, -1780, 84, 14012, 260, -324, -817, -1820, 152, 14208, 609, -746, -757
-1600, 120, 14312, 900, -1084, -667, -908, -2592, 32564, 2021, 706, -466, -1348, -36, 14044, -120, 1038, -44, -1600, -16, 13632, 39, 625, -58, -1956, -152, 13760, -293, -236, -253, -2108, -244, 13816, -222, -357, -12, -2160, -144, 13784, 144, 227, 219, -2132, 36, 14140, 43, 428, 655, -1840, -88, 14148, -200, 311, 851, -1860, -264, 14376, -6, -38, 681
-1884, -176, 14736, 476, -447, 474, -708, -2480, 29816, 2496, 1450, -1400, -1284, 180, 14452, 603, 1639, -467, -1272, -128, 13848, 837, 1334, -379, -1388, -196, 13928, 247, 758, -491, -1500, -404, 13884, 20, 57, -535, -1844, -444, 14568, 160, -509, -465, -1932, -376, 14796, 632, -627, -227, -2040, -472, 14856, 1156, -918, 300, -1708, -624, 14456, 1337, -1170, 622
-1440, -300, 14156, 928, -1200, 508, -928, -1504, 32016, 3161, 1412, -282, -1296, 72, 14368, 1282, 1030, 109, -1416, -304, 13840, 1476, 976, 4, -1708, -112, 13360, 658, 638, 117, -1420, -124, 13512, 54, 329, 398, -1388, -88, 13932, -383, 101, 561, -1312, -148, 14448, -291, -75, 561, -1348, -340, 14632, 39, -293, 671, -1360, -56, 14356, 363, -506, 801
-1228, -100, 14172, 245, -632, 882, -596, -532, 29872, 1261, 1352, 419, -612, 8, 14668, -7, 1460, 820, -1148, 200, 14740, 706, 1285, 472, -1352, 152, 14384, 668, 897, 330, -1808, 316, 14652, 987, 457, 492, -1532, 228, 15116, 1662, 165, 682, -1564, 420, 15080, 2688, 310, 678, -1664, 396, 14816, 2977, -200, 775, -1540, 256, 14108, 2634, -1080, 688
