852, -9000, 11692, -6, 33, 19, -192, -4952, 30600, -1458, -3150, -3578, -1752, -3520, 16324, -2870, -3743, -2891, -1744, -3812, 19312, -1987, -3528, -2213, -1372, -4352, 21868, -545, -3259, -1535, -1552, -4620, 24528, 1525, -3378, -1096, -2388, -4480, 26428, 4580, -3915, -38, -1896, -4804, 27880, 7932, -4451, 1123, -652, -5408, 28980, 10471, -4208, 1170, 188, -4720, 31296, 13456, -3251, 929
624, -3812, 32040, 17873, -2011, 1278, 1872, -5484, 28812, 971, 353, -1135, -720, -3840, 18192, -472, 46, -1360, -1388, -4168, 19208, -199, 258, -906, -1708, -4376, 20164, -705, 1141, 225, -2028, -4868, 21160, -1101, 2547, 1668, -1832, -5388, 22256, -1258, 3225, 2694, -1408, -5844, 23628, -599, 3402, 2704, -1540, -4932, 24968, 1093, 3332, 1783, -2860, -4516, 25192, 3829, 1634, 1313
-3772, -3976, 25400, 7090, -1395, 2486, 324, -5804, 22560, 4785, -2057, -1209, 100, -3108, 16864, 1623, -962, -726, 916, -3652, 18196, 1002, -810, -1365, 1380, -4280, 19852, 655, -1157, -2727, 516, -4916, 22004, 1215, -1187, -4280, -1228, -5528, 23988, 2841, -2328, -4458, -1924, -5308, 25932, 5911, -3882, -2577, -1324, -4512, 26644, 9678, -3417, -495, -416, -3828, 25640, 12781, -1353, 1058
-368, -3328, 24052, 14514, 478, 1767, 3816, -7120, 32767, 5946, 1904, 700, 3092, -4724, 24172, 4774, 1883, -13, 2352, -4968, 25732, 6148, 1848, -1674, 1120, -5092, 26372, 8073, 1817, -2724, 236, -5216, 26864, 10851, 2149, -3044, -828, -5936, 26084, 13625, 2526, -2733, -1960, -5848, 25632, 16393, 2780, -1888, -2580, -5436, 24612, 19681, 3033, -262, -2460, -4740, 22428, 23071, 3502, 1450
-2520, -4192, 19144, 25242, 3666, 2911, 1460, -6292, 31752, 7563, 1267, -63, 1048, -3988, 19580, 6610, -278, -609, 3128, -4404, 23208, 8997, -1721, -3974, 1864, -4520, 26904, 13421, -2698, -8653, 624, -5168, 30212, 21005, -3383, -11886, -2368, -5420, 29804, 29706, -4041, -12087, -4100, -5140, 26920, 32767, -5744, -8767, -3668, -4368, 23452, 32767, -7922, -4516, -2300, -3412, 20968, 32767, -9525, -1497
-1136, -2292, 18380, 32767, -10206, 96, 1776, -7276, 32767, 5582, 5882, -4234, -316, -5172, 24980, 6384, 3859, -5933, -2112, -5812, 27196, 10541, 800, -5888, -2816, -5888, 29728, 15162, -1196, -4652, -4668, -6540, 31576, 22971, -1652, -2201, -4752, -6804, 30296, 31311, -2084, 671, -4312, -6320, 26704, 32767, -3149, 2985, -3636, -5480, 23280, 32767, -5352, 4703, -2604, -4136, 19552, 32767, -7524, 5541
-1460, -2248, 14592, 32767, -7475, 5861, 1524, -7336, 32767, 7765, 2582, 1585, -152, -4108, 22204, 6965, 3152, 1508, 456, -4156, 22264, 8763, 3476, 551, -200, -4048, 22004, 10386, 3252, -53, -420, -3912, 21640, 12172, 3058, -343, -1192, -3840, 21212, 14148, 2685, -135, -1340, -3844, 20052, 15991, 2399, 152, -1792, -3852, 18500, 17329, 2282, 445, -2348, -3508, 17016, 18278, 2270, 779
-2520, -3224, 15972, 18850, 2249, 1121, 864, -6000, 28520, 7518, 2047, 1172, -456, -3732, 20476, 6441, 2043, -122, -1420, -4060, 21972, 7882, 1028, -1355, -2504, -3856, 22436, 9444, 132, -1538, -3092, -3912, 22460, 11496, 95, -1115, -3480, -3920, 22284, 13565, 78, -144, -3516, -3804, 21776, 16011, -160, 924, -3536, -3580, 20864, 18461, -483, 1546, -3788, -3096, 20192, 21291, -782, 2046
-3512, -2552, 19944, 24589, -1465, 2783, 1232, -4816, 32767, 12415, -176, -3344, -900, -1808, 24064, 14481, -1497, -6357, -2984, -1404, 25636, 19587, -4444, -6829, -3564, -1012, 25080, 24224, -7929, -4569, -2704, -908, 23776, 27827, -10300, -2342, -1660, -664, 21896, 29048, -10775, -1319, -1048, -604, 19792, 27941, -9906, -1616, -844, 0, 18292, 25682, -7666, -2824, -660, 360, 17840, 23775, -4542, -4330
-1676, 812, 16700, 22082, -981, -4723, -96, -7244, 32767, 5911, 2693, 3552, 724, -5596, 27684, 8994, 3801, 667, -1320, -5308, 29484, 15136, 2788, -3052, -3144, -5080, 28804, 20663, 469, -4073, -3844, -4616, 27108, 24795, -1515, -2865, -3688, -3912, 25536, 27911, -2281, -824, -3544, -3460, 25020, 31868, -2049, 1078, -3256, -3508, 22984, 32767, -1782, 2568, -3108, -3128, 20012, 32767, -2095, 3256
-3416, -2848, 16988, 32767, -3895, 3661, 100, -5484, 30212, 10944, 6724, 2638, -444, -2932, 22760, 13947, 4279, 3236, -648, -2596, 23340, 18506, 2778, 3115, -392, -2544, 23352, 22149, 347, 2729, -244, -2392, 23576, 26426, -2457, 1529, 184, -2024, 24344, 31924, -5473, -246, 152, -1404, 24176, 32767, -7524, -2716, -1016, -1480, 22360, 32767, -9896, -4232, -1844, -1300, 19868, 32767, -12910, -4149
-1812, -564, 16484, 32767, -14820, -3341, 224, -3336, 29296, 12325, 3761, 1739, 108, -660, 18048, 12618, 4449, 1797, 96, -136, 17900, 14957, 4252, 381, -732, 272, 17200, 16413, 3245, -580, -1308, 536, 16592, 18114, 1410, -897, -1352, 1076, 16340, 20223, -452, -1198, -1328, 1324, 16072, 22637, -1719, -1363, -1356, 1436, 15776, 25194, -2981, -1298, -716, 1704, 15260, 27691, -4018, -1520
-556, 2236, 14436, 29570, -5109, -2472, 1516, -3988, 32767, 6310, 5098, 1473, -704, -548, 21000, 9378, 4470, -1019, -1396, -544, 21696, 15089, 1754, -3111, -2628, -460, 22068, 21124, -2626, -3365, -2736, -360, 21756, 27516, -6802, -2954, -2284, -52, 20644, 32767, -10602, -2516, -1492, 584, 19300, 32767, -13966, -2592, -204, 1544, 17976, 32767, -15987, -3568, 1592, 2208, 17012, 32767, -16661, -5982
2376, 3040, 15020, 32767, -15712, -9709, 2444, -1276, 27084, 11708, 5347, 940, 1064, 988, 20908, 14294, 7243, -1395, 644, 1048, 19888, 17949, 6522, -3506, -296, 1380, 19240, 20618, 4025, -4613, -56, 1848, 20508, 24845, 1325, -5633, -136, 1864, 21064, 30725, -589, -7395, 124, 1692, 20688, 32767, -2471, -9050, -304, 1776, 18544, 32767, -4226, -10432, -1480, 2400, 15928, 32767, -6237, -10691
-2128, 3488, 13584, 32767, -7910, -9854, 3752, -1252, 32767, 9558, 4838, -1048, 2696, 1356, 22916, 12143, 7434, -5245, 1384, 944, 23604, 17838, 8568, -10041, -1820, 700, 22700, 23363, 6029, -11168, -4112, 1048, 20732, 28847, 1002, -9088, -4248, 1600, 19204, 32767, -4316, -5655, -2740, 2332, 18572, 32767, -7381, -3377, -772, 2712, 17116, 32767, -7412, -3284, 376, 3196, 15224, 32767, -6612, -5195
-100, 4072, 13116, 32767, -6237, -7748, 152, 656, 27148, 23680, 1253, -2744, 1268, 2724, 18964, 26144, 3163, -4739, 832, 3236, 19356, 30541, 3494, -7889, -1196, 3620, 18440, 32767, 3469, -9355, -3368, 4052, 16888, 32767, 2961, -8353, -3876, 4620, 14832, 32767, 2318, -5722, -3396, 5332, 12944, 32767, 2125, -3639, -2252, 6020, 10712, 32767, 2353, -2626, -2256, 7304, 8488, 32767, 2786, -3110
-3360, 8096, 5392, 32767, 2990, -3221, -1684, -4580, 32767, 32767, -14025, -2149, -1168, -360, 21380, 32767, -18022, -2147, 984, 800, 21304, 32767, -19442, -4609, 2060, 1832, 20376, 32767, -18123, -7734, 1068, 2312, 18536, 32767, -16226, -9774, -248, 3140, 15180, 32767, -14294, -9429, -1252, 4104, 13000, 32767, -12867, -6913, -1464, 5128, 10668, 32767, -11454, -4158, -1200, 6144, 8360, 32767, -10032, -1884
-368, 7500, 5432, 32767, -7570, -518, -1968, -6448, 31916, 4106, 5406, 3687, -1308, -4280, 25004, 9600, 2303, 1198, -2172, -4564, 27992, 20424, -863, -3524, -3792, -4192, 27280, 31466, -5875, -6766, -5836, -3444, 25000, 32767, -13209, -6498, -6636, -2032, 23212, 32767, -20547, -3283, -5328, -660, 21436, 32767, -25184, 500, -2632, 424, 19804, 32767, -27299, 2737, -424, 1372, 17216, 32767, -26584, 2586
680, 2560, 13044, 32767, -24382, 1177, 992, -4808, 28456, 6175, 7246, -48, -1364, -792, 19604, 6544, 9084, -1767, -2928, -1168, 19596, 9341, 9493, -3002, -4508, -988, 19540, 12680, 8104, -2577, -5052, -988, 20076, 17060, 6072, -1684, -5384, -1492, 20116, 22092, 3967, -556, -4788, -1460, 19900, 27349, 1868, -349, -4484, -1504, 19220, 32499, -322, -1407, -4968, -1000, 17908, 32767, -2629, -2257
-6236, -256, 16736, 32767, -5325, -1599, -568, -4148, 32767, 19105, 4933, -2290, -2272, -964, 22192, 22060, 3744, -2937, -1640, -920, 23448, 28083, 2422, -5854, -3860, -908, 24104, 32767, -628, -7683, -5848, -844, 22912, 32767, -4761, -6443, -6976, -592, 20224, 32767, -9181, -2902, -6736, 324, 16988, 32767, -13306, 1106, -5956, 1840, 13732, 32767, -16556, 4249, -4292, 2864, 10980, 32767, -18602, 5596
-2668, 4060, 9204, 32767, -18607, 5106, 4440, -3208, 32767, 25385, 4459, -14062, -1772, 352, 22352, 29318, 3536, -14627, -3016, 476, 22576, 32767, 2086, -13265, -3292, 1548, 20436, 32767, 1695, -11218, -2904, 2444, 19384, 32767, 1908, -9284, -2788, 2400, 16040, 32767, 2004, -7581, -2884, 4028, 14092, 32767, 1735, -6086, -3108, 4852, 11340, 32767, 1771, -4893, -3112, 5744, 9040, 32767, 2032, -3879
-3332, 6456, 6204, 32767, 3609, -2558, -5992, -6888, 32767, 26059, -1528, -5142, -8312, -4076, 24696, 32767, -3501, -1889, -9412, -2868, 24272, 32767, -6833, 3007, -5964, -2104, 22764, 32767, -8817, 5856, -2524, -1216, 22424, 32767, -9222, 5003, -1892, -92, 20660, 32767, -8975, 2471, -1796, 1844, 16340, 32767, -8139, 309, -3428, 3940, 11872, 32767, -5340, 120, -4588, 6588, 6172, 32767, -688, 2282
-4124, 8796, 748, 32767, 4241, 4676, -2900, -5848, 32176, 1295, 1523, 5200, -1772, -3848, 19044, -776, 407, 5992, -1064, -4364, 20620, -584, -710, 4540, -776, -5052, 21956, -880, -633, 1854, -1184, -5436, 23528, -279, 796, -638, -2676, -6112, 24828, 576, 2810, -2016, -5148, -6428, 26536, 2946, 4012, -864, -6956, -6380, 27168, 7143, 4211, 2555, -6392, -6560, 26064, 11929, 3216, 6251
-5712, -6040, 23780, 16035, 1678, 8751, -2956, -7232, 28336, 4215, 2550, 1172, -3556, -5476, 20908, 3870, 2802, 2435, -3972, -5664, 21492, 5191, 2087, 3432, -3512, -6088, 21796, 5426, 1569, 3771, -3564, -6444, 22268, 5291, 1776, 3856, -3840, -6412, 23408, 5458, 2577, 4256, -4528, -6560, 24144, 6794, 3774, 5133, -4696, -6172, 24080, 8957, 5049, 6351, -4656, -6072, 23060, 11496, 6073, 7418
-4656, -5444, 21496, 14263, 6629, 8303, -2616, -10848, 32767, 9423, 3778, 1933, -4652, -8184, 25760, 7820, 4480, 1879, -4500, -8948, 27916, 10297, 5048, 1634, -5136, -9348, 29240, 14082, 5744, 1519, -6348, -8792, 29424, 19435, 6052, 2528, -5412, -8308, 28888, 25842, 5970, 3970, -4040, -6840, 26704, 31851, 6944, 4069, -4372, -5624, 23768, 32767, 7559, 4403, -4632, -4480, 19992, 32767, 7118, 6095
-4052, -3196, 16452, 32767, 6571, 8242, -3988, -7180, 32767, 5776, 3318, 910, -2612, -5732, 20996, 3122, 3911, 1148, -3184, -5992, 23320, 3264, 4232, 401, -3328, -7504, 26432, 3848, 4505, -513, -4660, -8792, 30204, 7792, 5627, -1295, -6980, -9976, 32524, 14299, 5518, -303, -8460, -10772, 31800, 21359, 3516, 2900, -7840, -10624, 29520, 26925, 1431, 6773, -6220, -9532, 25776, 30267, 1377, 9709
-4776, -7676, 21844, 32189, 3035, 12153, -5488, -7788, 32767, 6567, -62, 9852, -4816, -5232, 26544, 6535, -168, 12184, -4264, -4180, 27508, 8957, -131, 13202, -2828, -5320, 27648, 9910, 977, 12253, -3552, -6952, 28788, 11065, 2602, 10432, -5960, -8744, 30636, 13828, 4050, 9336, -9380, -9924, 31672, 19131, 4571, 10665, -10644, -11232, 29808, 25316, 4104, 13541, -11232, -11248, 26640, 30657, 3830, 17179
-10256, -10096, 22116, 32767, 3725, 20948, -3760, -9136, 32767, 7847, 2187, 469, -6904, -8272, 28208, 8875, 5133, 768, -9684, -8340, 30180, 14248, 6309, 3451, -10648, -8284, 27844, 18834, 6328, 8246, -9596, -7208, 25084, 21474, 5934, 13250, -7736, -6628, 23380, 22543, 5374, 16428, -4600, -7640, 18432, 22732, 5632, 17298, -4164, -6248, 21560, 25054, 5346, 17924, -4544, -2172, 18188, 26595, 4376, 16912
-3988, -3244, 15284, 28068, 4406, 17036, 1104, -4876, 32767, 7531, 9247, 19, 3588, -2356, 27172, 7657, 12500, -383, 4244, -2420, 29000, 9839, 15279, -4394, 1904, -3516, 29568, 12761, 15819, -8798, -2180, -3812, 29824, 17284, 12746, -9572, -4120, -3876, 28836, 22752, 7543, -6955, -3132, -3356, 27044, 28225, 3382, -3816, -692, -2664, 25304, 32767, 2188, -2016, 780, -1940, 22120, 32767, 2551, -1916
744, -1500, 18664, 32767, 2410, -2481, -748, -4368, 32767, 1195, 8691, 3554, 1088, -3280, 27812, 2250, 9813, 3053, 116, -4160, 29440, 5247, 9303, 379, -1368, -5516, 31388, 9275, 6290, -1950, -2352, -6272, 32040, 14445, 4103, -3435, -3880, -6688, 31848, 19864, 3861, -3428, -4832, -6532, 30180, 25881, 4595, -1899, -4692, -6260, 27160, 31074, 5415, 204, -3996, -5540, 23156, 32767, 5438, 1828
-3272, -5112, 19400, 32767, 4256, 2620, -4864, -4928, 32767, 3446, 2159, 8558, -5740, -4320, 18348, 675, 2531, 9438, -6272, -6008, 20548, 1595, 2641, 9920, -8872, -7936, 24612, 3758, 2520, 11333, -10912, -9772, 28080, 9420, 2133, 14313, -11412, -9804, 28788, 16913, 1488, 18399, -9632, -8448, 26908, 23738, 998, 22197, -6984, -6296, 23644, 27870, 947, 24769, -4388, -3768, 20344, 30153, 1551, 26221
-1688, -1636, 17908, 31529, 3137, 26528, -4088, -2408, 32767, 19158, 1433, -11423, -7600, -1328, 32767, 26799, 4736, -7963, -9828, -1152, 32767, 32767, 5749, -1159, -7084, -464, 27884, 32767, 6960, 4134, -4460, 120, 22208, 32767, 8495, 5445, -4496, 608, 16460, 32767, 8125, 5260, -4252, 684, 12436, 32767, 6605, 5024, -4544, 1516, 9308, 32767, 4690, 4444, -4288, 2308, 7008, 32767, 2507, 4314
-3152, 2844, 4268, 32767, 1474, 4173, -1544, -2880, 30188, 969, 3923, 3143, -1456, -1128, 23444, 1439, 4553, 1948, -2252, -1900, 26432, 5053, 4396, 1052, -2768, -3372, 29356, 10160, 3562, -269, -4672, -4296, 31424, 17580, 2424, -1010, -6888, -5536, 32204, 25500, -35, 32, -7964, -5184, 30500, 32767, -2143, 2768, -6400, -4332, 28084, 32767, -3435, 5916, -3100, -3312, 24532, 32767, -3421, 6725
-1124, -2280, 20712, 32767, -2368, 4763, 1540, -6364, 32767, 4829, 2647, 2073, -336, -2152, 25052, 7981, 6, 1060, 516, -2344, 25860, 12781, -1239, -585, 656, -2120, 26436, 18126, -1716, -2795, 204, -2432, 26212, 22161, -1855, -4173, -112, -2768, 26680, 26181, -1784, -5207, -856, -3116, 26348, 30477, -1650, -6129, -2096, -3000, 25200, 32767, -1890, -6062, -2760, -2756, 23104, 32767, -2888, -4997
-2064, -2552, 20488, 32767, -4110, -4353, -3216, -7432, 32767, -4198, 6379, 1621, -3232, -5968, 25536, -4683, 6927, 2834, -4612, -6540, 30048, 48, 5920, 3112, -5092, -7668, 32767, 7659, 4016, 3352, -5316, -7588, 32767, 17562, 3077, 4052, -5456, -7068, 32767, 27170, 1905, 5265, -4736, -5656, 31468, 32767, 1076, 6848, -3544, -3768, 28212, 32767, 2459, 8024, -2228, -2068, 24620, 32767, 6766, 8671
-1808, -1080, 21884, 32767, 11784, 8897, -2304, -3008, 30284, 2873, 1892, 1137, -924, -1736, 18900, -454, 1958, 303, 676, -4316, 26452, 687, 654, -3808, -640, -6652, 32767, 5070, 718, -8661, -5600, -8028, 32767, 14397, 568, -9706, -8612, -8036, 32767, 26844, -1549, -5093, -5220, -5836, 32767, 32767, -1325, -400, -1284, -3524, 32767, 32767, 2908, 1899, -244, -596, 31840, 32767, 6775, 3368
1712, 1660, 23688, 32767, 9724, 4586, 2580, -7076, 32767, -241, 9554, 864, 1388, -6016, 32767, 3673, 9115, -1886, -628, -7320, 32767, 12086, 7019, -4036, -4028, -7020, 32767, 22205, 5126, -2636, -4744, -6116, 32767, 31524, 5285, 1609, -3840, -4844, 32767, 32767, 8019, 5895, -2360, -3964, 32540, 32767, 12207, 9328, -864, -2752, 28052, 32767, 15632, 11212, 416, -1420, 23296, 32767, 20381, 11784
1320, -676, 19216, 32767, 24975, 11215, -1364, -7300, 32767, -6630, 6098, -2821, -5012, -5232, 23548, -5383, 4807, -1270, -5624, -6360, 26768, 94, 815, 448, -4344, -7216, 29396, 5428, -2537, 1623, -3320, -6524, 31732, 10606, -2719, 2326, -2684, -5856, 32767, 16382, -1119, 2829, -2180, -4848, 32767, 22130, 814, 3490, -2152, -3468, 31588, 27133, 2888, 4259, -1456, -2512, 28664, 30274, 4444, 5049
-132, -1468, 25516, 31327, 6631, 5650, -3956, -1964, 30548, 374, 9965, 4432, -4628, -332, 9468, -4328, 9741, 5061, -3868, -1976, 11144, -9092, 7298, 3350, -4004, -2516, 14348, -13619, 4845, 793, -4664, -3516, 19580, -15191, 3341, -1890, -5576, -5808, 26340, -12365, 2423, -4219, -8360, -8108, 32767, -4740, 1356, -3832, -11580, -8392, 32767, 7080, 566, 573, -10712, -8948, 32767, 18314, -1373, 6648
-7880, -8080, 32767, 26135, -3334, 10378, -3952, -7396, 32767, -4969, 6729, 121, -3364, -5996, 26768, -5583, 7663, 1320, -3480, -5548, 31412, -2750, 8105, 2258, -2464, -5924, 32767, 1933, 9843, 2644, -3588, -5376, 32767, 7759, 10707, 3219, -4964, -3996, 32767, 14286, 9787, 5686, -4572, -2476, 32012, 20311, 7830, 8797, -3224, -1552, 28976, 24820, 5990, 10726, -2152, -448, 25904, 28243, 4857, 11544
-1552, 336, 22824, 30880, 4109, 11525, -2384, -6728, 32767, 8370, -1489, -1147, -2304, -5436, 29232, 10973, -2675, -1146, -3848, -4916, 32252, 17483, -5130, -1375, -4144, -4328, 32236, 24032, -7343, -316, -3988, -3212, 30740, 29812, -8490, 2155, -2716, -1792, 27548, 32767, -8225, 4459, -1088, 60, 23800, 32767, -6293, 6538, 760, 1212, 19188, 32767, -3956, 6980, 1884, 2400, 15376, 32767, -1348, 6327
2252, 3160, 11808, 31472, 1214, 5107, -1368, -8396, 32767, 3367, 2750, -1438, -3600, -4672, 22392, 1947, 4069, -475, -3460, -5232, 27624, 5299, 3358, 589, -3120, -6032, 31352, 11239, 1300, 1035, -3236, -5756, 32767, 19507, -1078, 1248, -3368, -5144, 31852, 28117, -4030, 1905, -2508, -4216, 29256, 32767, -6640, 2568, -1204, -3164, 25644, 32767, -6949, 2854, -412, -1276, 22124, 32767, -3253, 3247
188, 88, 18640, 32588, 3359, 3823, -4564, -5700, 32767, 5186, 4264, 1441, -4364, -3596, 21500, 4334, 5733, 3514, -3864, -3248, 22356, 5486, 5812, 3758, -2608, -4472, 24292, 7016, 5441, 2076, -3144, -5908, 28696, 12104, 2999, -677, -5228, -6428, 32316, 21434, -2028, -2242, -6812, -5948, 31912, 32148, -8094, -887, -5584, -4224, 28660, 32767, -12568, 2002, -2240, -2012, 24564, 32767, -13120, 4155
588, -136, 21416, 32767, -10108, 4748, -2544, -7548, 32767, 48, 5528, 104, -3564, -4452, 21704, 549, 7577, 464, -4724, -5004, 23244, 4544, 6604, 1081, -5128, -5292, 23836, 8426, 4650, 1813, -4932, -5620, 24084, 12687, 2460, 2569, -4496, -5964, 24580, 16457, 649, 2795, -4428, -5776, 24500, 20140, -398, 2911, -4224, -5192, 23880, 23572, -665, 3132, -3884, -4852, 22524, 26334, -638, 3222
-4244, -3932, 20872, 28050, -249, 3686, -2108, -3588, 32767, -2232, 4018, 1658, -3140, -632, 19560, -3266, 4990, 3104, -2520, -1588, 20808, -1317, 4496, 2845, -2468, -2940, 23500, 1450, 2441, 1122, -3148, -3984, 25884, 6484, -861, -1258, -4016, -4812, 27752, 12109, -4103, -2934, -3968, -5300, 29272, 18075, -5909, -3542, -3344, -5348, 29684, 22862, -4979, -3943, -2984, -5268, 30428, 27095, -2776, -4062
-3864, -3840, 29408, 31404, -287, -3178, -3552, -4652, 30940, 1670, 4167, 2547, -2988, -2640, 19200, 1177, 3282, 2327, -3168, -3036, 22992, 3595, 2007, 918, -3984, -4244, 26256, 7365, 467, -318, -4836, -4960, 29408, 14098, -2110, -1054, -5904, -5524, 31264, 22398, -5219, -976, -6580, -4660, 30672, 31294, -7545, 784, -5624, -3532, 27940, 32767, -8640, 3121, -3964, -2292, 23808, 32767, -8992, 4951
-2436, -828, 19876, 32767, -8827, 5987, -4240, -7036, 32767, 4257, 3515, 6238, -3024, -3820, 21096, 2725, 3084, 5608, -2256, -3396, 22916, 3344, 2830, 3412, -900, -4420, 25564, 4850, 3673, -513, -2664, -5368, 29600, 9862, 4471, -4502, -6700, -5984, 32552, 18877, 4898, -4825, -9436, -5788, 31996, 30032, 2801, -960, -8168, -5508, 28372, 32767, -1401, 3338, -5696, -4032, 23908, 32767, -4460, 5951
-3244, -2484, 19496, 32767, -4825, 6519, -1336, -4708, 32767, 2578, -1539, 1898, -2672, -1300, 17492, 158, -876, 666, -3180, -1412, 18936, 295, 181, -1102, -3904, -1856, 20284, 955, 753, -2441, -4864, -1912, 21384, 3041, 836, -2876, -5584, -1912, 22524, 5705, 287, -2279, -5384, -2648, 24768, 9384, -143, -1529, -5728, -3112, 26584, 14825, -328, -753, -5964, -3536, 26720, 20524, -1398, 86
-5840, -3312, 25372, 25206, -3149, 1089, -3480, -4584, 32116, 687, 7819, 5495, -2508, -2700, 19932, 881, 6101, 4117, -2424, -3136, 22576, 3793, 4109, 493, -3616, -3228, 24164, 7319, 3348, -3106, -7300, -2860, 25684, 11873, 3463, -3288, -10140, -2332, 26948, 18714, 2585, 316, -9532, -2648, 26476, 26149, 1273, 4854, -7552, -2096, 23952, 32767, -630, 7928, -5564, -1412, 21024, 32767, -3131, 8774
-4104, -128, 17804, 32767, -5207, 8139, -1844, -8280, 32767, 2567, 5010, 4009, -4224, -4824, 24348, 3899, 4504, 2637, -5488, -4840, 26636, 9533, 3221, 1435, -6884, -4796, 27600, 16397, 1642, 1815, -6772, -4484, 26900, 23502, 76, 3144, -5732, -3932, 25216, 29073, -1187, 4205, -5068, -3144, 23404, 32767, -2504, 4828, -4416, -2000, 21656, 32767, -3564, 5289, -3604, -724, 20036, 32767, -3276, 5408
-2980, 280, 18244, 32767, -1889, 5250, -3636, -6688, 32767, 1911, -514, -61, -6408, -2920, 22568, 1752, 1891, 852, -6592, -2864, 22756, 4156, 3742, 2242, -5804, -3780, 23248, 6743, 4583, 3278, -5588, -4276, 23560, 9663, 4113, 3561, -5664, -4852, 24444, 12965, 2166, 3185, -5928, -4780, 25364, 17072, 180, 2943, -5940, -4308, 25976, 22299, 100, 3298, -5536, -4048, 25544, 27970, 1548, 3842
-5492, -3988, 23908, 32767, 1456, 4490, -5068, -4300, 29136, -2334, 6799, 1526, -5200, -2556, 22664, -1053, 7430, 3125, -5096, -2956, 24784, 2855, 5739, 3238, -4244, -3688, 26516, 7894, 2239, 1761, -4736, -4032, 29056, 14789, -1845, -228, -5112, -4232, 32108, 24211, -5326, -1598, -5948, -4128, 32164, 32767, -6091, -1740, -6784, -3132, 29612, 32767, -6821, 239, -5836, -1708, 25944, 32767, -7747, 2897
-3788, -24, 21812, 32767, -7397, 4421, -2180, -6976, 32767, -8345, 8385, -1457, -5896, -4616, 27344, -7498, 10563, 296, -7324, -4856, 29656, -1460, 9663, 2144, -7048, -4924, 30192, 5363, 7363, 3706, -6380, -4352, 29696, 12756, 4885, 4608, -5608, -3868, 28192, 18834, 2794, 5025, -5184, -2972, 26384, 23719, 873, 5208, -4656, -1868, 24260, 27539, -352, 5340, -4160, -1112, 22096, 30567, -593, 5419
-3548, -600, 20352, 32672, -668, 5304, -1132, -3892, 32767, -2760, 7551, 2354, -3196, -708, 23204, -1272, 6769, 2326, -3140, -576, 24672, 2940, 4620, 1681, -2612, -992, 25000, 6189, 3321, 229, -3236, -912, 26360, 10418, 2923, -995, -3988, -1940, 27080, 15409, 1676, -1495, -4028, -2564, 27396, 20896, -692, -1495, -4328, -2304, 26720, 26148, -2129, -1613, -4764, -1888, 25320, 31119, -3058, -1025
-4448, -1372, 22880, 32767, -3220, -123, -3944, -5564, 32767, -6588, 10067, 1567, -5108, -3052, 23496, -5134, 10746, 3565, -5424, -3212, 25332, -5, 8498, 4259, -4168, -3704, 26040, 5185, 5021, 3599, -3408, -3660, 26156, 10353, 1771, 1988, -3112, -3400, 26964, 14953, -949, 577, -2872, -2352, 26856, 19654, -1011, -308, -2596, -1272, 26132, 23754, 1053, -322, -2644, -556, 23824, 27043, 3352, 206
-2508, -144, 21736, 29377, 3989, 862, -768, -4648, 30900, 10930, 4341, 5150, -696, -2988, 23212, 11255, 3499, 2186, -2700, -2880, 25048, 14251, 3023, 83, -3924, -2524, 25528, 17796, 3517, 238, -4088, -1864, 25088, 21646, 4563, 2125, -2740, -1744, 23912, 25008, 5171, 3792, -1600, -1672, 22836, 28195, 4991, 3880, -1492, -1524, 21168, 31510, 3806, 3110, -1560, -1224, 19372, 32767, 1835, 2099
-1708, -828, 16860, 32767, 38, 948, -2288, -9008, 32767, 15600, 4007, 1836, -4220, -4688, 26408, 16786, 5284, 3110, -4340, -4364, 26392, 20823, 4990, 4276, -3588, -3940, 24824, 24553, 4440, 5192, -2876, -3464, 23220, 28037, 3681, 5586, -2464, -2828, 21556, 30828, 2885, 5505, -2240, -2156, 19352, 32767, 2221, 5225, -1920, -1516, 17220, 32767, 1448, 4697, -1964, -740, 15716, 32767, 1163, 4158
-2096, 104, 13656, 32767, 1620, 3830, -116, -1588, 32767, 11606, 6039, 3410, 864, 8, 21680, 9115, 6383, 3095, 1080, -384, 24284, 9590, 5117, 770, -96, -472, 26616, 11497, 4719, -1494, -1424, -652, 27140, 15420, 4980, -2180, -2152, -484, 27160, 20135, 4820, -1761, -2584, -340, 25516, 25503, 3572, -364, -1908, 236, 23132, 29756, 3038, 851, -1092, 1136, 19872, 32302, 3450, 1731
-508, 1704, 16668, 32564, 4087, 1810, 1052, -6840, 32767, -2380, 4657, 5599, -1224, -4248, 25128, -3680, 5599, 4533, -1788, -3772, 29296, -22, 4797, 4454, -1016, -3632, 31692, 4959, 4243, 4884, -352, -3676, 32767, 10817, 2942, 4979, 744, -3692, 32472, 16668, 956, 4291, 1404, -3600, 31556, 21544, 741, 2911, 628, -3304, 29692, 25684, 1849, 1946, -44, -2828, 27384, 28995, 2873, 2019
-412, -2268, 24444, 32121, 4148, 2482, -1384, -4984, 32767, 623, 6724, 5643, -636, -1748, 23924, 212, 6332, 7018, 68, -1408, 24644, 1239, 5580, 6372, 912, -1788, 27320, 2121, 5343, 4287, 756, -2600, 30584, 5249, 4599, 2161, 1356, -3324, 32767, 11222, 2433, -711, 692, -3328, 32767, 19114, 502, -3457, -860, -3176, 32767, 28148, -2361, -4095, -304, -2672, 31944, 32767, -4846, -3554
1452, -2876, 28144, 32767, -4933, -3215, -3576, -7084, 29632, 283, -5580, -4258, -3292, -4648, 25388, -22, -7289, -2011, -2432, -3116, 28396, 1644, -5061, 419, -632, -1944, 29820, 2064, 478, 2863, -164, -256, 31688, 3312, 6010, 5191, 136, 368, 32767, 5527, 8925, 7058, 840, 504, 32767, 9144, 9428, 8180, 1728, 316, 32767, 13587, 8338, 7953, 2264, 144, 32184, 18565, 7352, 6990
2064, -68, 31064, 24002, 6310, 5839, -3992, -4980, 32767, -8631, 3891, 3223, -5124, -2000, 24020, -9522, 4913, 5713, -3644, -2744, 25320, -8232, 4963, 6394, -2900, -4040, 28476, -6485, 5081, 5774, -3316, -4864, 31392, -2838, 4864, 4762, -3920, -5352, 32767, 3642, 3045, 4006, -4848, -5104, 32767, 12083, 503, 4037, -5108, -4168, 32767, 20714, -2129, 5551, -3592, -2984, 31844, 28393, -3831, 7125
-1124, -2020, 29064, 32767, -3785, 7633, -1220, -4748, 32767, -6709, 9098, 1502, -1560, -3064, 30732, -4634, 8921, 2959, -1940, -3016, 32767, 2032, 7257, 3303, -1704, -3600, 32767, 10008, 4799, 3036, -1656, -3892, 32767, 18868, 1973, 2884, -1028, -3804, 31764, 26550, -700, 2735, -48, -3748, 29488, 32634, -2434, 1844, 20, -3272, 26888, 32767, -2375, 884, 64, -2748, 23988, 32767, -1592, 432
-92, -2116, 21292, 32767, 37, 393, -3004, -5152, 32767, 387, 7734, 6859, -2372, -2668, 26536, 1443, 7690, 7610, -2580, -2340, 27640, 4878, 6142, 6720, -1612, -2748, 28712, 8930, 3305, 4564, -1908, -3156, 30760, 15187, -95, 1980, -2672, -4012, 32767, 23447, -3503, -115, -3724, -4448, 32767, 32734, -5952, -962, -4416, -4532, 30948, 32767, -7568, -215, -4276, -4344, 28052, 32767, -8175, 1306
-3948, -3540, 24688, 32767, -6719, 3245, -4796, -6072, 29488, 6553, -4622, -1847, -5992, -4944, 25132, 10002, -7365, -3139, -7424, -5296, 27604, 15244, -9970, -3604, -7792, -5476, 28508, 19582, -10958, -2332, -7636, -4936, 29452, 23834, -9784, 71, -6620, -3720, 28436, 27582, -6379, 2642, -5212, -2780, 26036, 29359, -2458, 4946, -3780, -1644, 23064, 28868, 1530, 6507, -1988, -760, 20652, 26966, 5989, 6638
-1232, 208, 19248, 24948, 11000, 5566, -2528, -5032, 32767, 3254, 3235, 2425, -2868, -2816, 23032, 2850, 3463, 1478, -3624, -3220, 26320, 6406, 3060, -403, -5728, -4488, 29688, 12179, 1666, -1267, -7808, -5376, 32767, 21541, -1230, -118, -7824, -5836, 32767, 32224, -4636, 1886, -7048, -5420, 29672, 32767, -8210, 3961, -5656, -4080, 25600, 32767, -10362, 5846, -3316, -2108, 21204, 32767, -9043, 6745
-928, -128, 16808, 32767, -3640, 6778, -5316, -5812, 28820, 5752, 2654, -541, -6228, -4600, 22380, 5679, 2983, 273, -7272, -4804, 24684, 7743, 2352, 940, -7272, -5112, 25704, 10143, 2375, 2001, -7160, -5420, 26668, 13396, 2490, 3083, -7432, -5180, 26676, 17563, 2067, 4365, -7208, -4160, 25124, 22892, 1280, 6335, -6444, -3100, 23128, 27290, 633, 8228, -5260, -2200, 20336, 30603, -165, 9490
-4068, -1204, 17508, 32767, -622, 10033, -4216, -7208, 32767, 6042, 3295, 8203, -2564, -3920, 23228, 5807, 3549, 7833, -2496, -3476, 24392, 7862, 3510, 5409, -2772, -4212, 25220, 9770, 2960, 2560, -4356, -4612, 26940, 13088, 1701, 1020, -5584, -4604, 27684, 18305, 264, 854, -5936, -4504, 26596, 23794, -456, 2039, -5760, -4416, 24568, 27198, -74, 3714, -5168, -3860, 22680, 29436, 1324, 5450
-4416, -3264, 20820, 30238, 3284, 6507, -736, -5440, 32767, 6945, 5700, 5994, -1208, -2476, 25764, 8842, 5902, 6564, -1672, -2688, 26056, 12028, 6770, 5651, -2232, -2404, 25404, 14671, 7618, 4870, -2892, -2288, 24220, 17686, 7935, 4789, -3092, -2040, 23008, 20447, 7452, 5141, -2872, -1848, 21856, 23527, 6619, 5193, -2988, -1936, 21088, 26852, 5601, 4698, -3224, -1936, 19916, 30618, 4051, 4279
-3564, -1836, 18572, 32767, 1811, 3746, -656, -4968, 32767, 5588, 5344, 1851, -1872, -1976, 27296, 8319, 4443, -250, -3152, -1756, 28112, 13492, 4352, -1803, -4460, -1904, 27384, 18103, 4038, -1401, -4864, -1764, 26056, 22097, 3543, 274, -4052, -1648, 25100, 25256, 3129, 1674, -3592, -1588, 23980, 28079, 3339, 2212, -3720, -1252, 22856, 31186, 3519, 2498, -3640, -716, 20992, 32767, 3928, 2828
-3884, -276, 18532, 32767, 4101, 3320, 364, -2848, 32767, 2701, 6143, 4160, -912, 392, 24840, 4443, 5236, 2806, -1060, 440, 25704, 8148, 5387, 961, -1588, 320, 25692, 11374, 6426, -451, -3284, 476, 25220, 14442, 8010, -259, -3972, 436, 25328, 18015, 9377, 1235, -3460, 32, 24756, 21537, 11303, 2399, -3492, 56, 23208, 24132, 12908, 3043, -4260, 432, 21056, 25705, 13043, 3654
-4452, 988, 18932, 26877, 12329, 4432, -5532, -4580, 32767, 6197, 5281, 6514, -4644, -1328, 26404, 9020, 4075, 8290, -4228, -20, 25720, 12650, 2881, 8990, -3132, 572, 24452, 15192, 2458, 8502, -2156, 1348, 23532, 17677, 2771, 7373, -1396, 1176, 23172, 19581, 3387, 5572, -1356, 1104, 22504, 21015, 4252, 3434, -2056, 872, 21876, 22245, 5231, 1903, -3320, 828, 21816, 23583, 6521, 1694
-4344, 852, 20908, 25365, 8181, 2663, -852, -4352, 32767, 14954, 3962, 3416, -520, -1680, 24908, 16024, 6732, 1729, -2172, -1732, 25020, 18752, 8418, -253, -4308, -1764, 24232, 21682, 7932, -424, -5216, -1952, 23668, 25441, 6182, 910, -4728, -2004, 22392, 28927, 4778, 2108, -4160, -1936, 20892, 31394, 4713, 2490, -4060, -1652, 19076, 32767, 5202, 2969, -3968, -1152, 17344, 32767, 5509, 3189
-3564, -660, 15824, 32767, 5688, 3017, -3520, -8384, 32767, 18188, 6098, -2494, -6888, -6176, 27340, 23547, 6637, -313, -7472, -6660, 27508, 30404, 4717, 2218, -6176, -5724, 25492, 32767, 2473, 4275, -5020, -4380, 23900, 32767, 1461, 5470, -3764, -2948, 22260, 32767, 2182, 5705, -2352, -1496, 19920, 32767, 3579, 4770, -2196, -236, 17140, 32767, 4043, 3541, -1704, 596, 14776, 32767, 3069, 2532
-1176, 1460, 11916, 32767, 1917, 924, -4684, -6744, 32767, 15802, 2026, -3393, -6416, -5772, 30012, 25217, 1954, -3121, -8328, -6232, 30124, 32767, 103, -1594, -8172, -5864, 28056, 32767, -3377, 929, -6248, -4192, 25228, 32767, -5395, 2470, -5064, -2040, 22300, 32767, -5362, 2878, -3876, -784, 20284, 32767, -4215, 2807, -3416, 264, 18248, 32767, -1662, 2374, -3256, 1356, 16040, 32767, 1715, 2341
-2776, 1888, 13616, 32767, 4881, 2587, -4876, -9520, 32024, 14171, 4003, 1680, -6620, -7236, 24056, 18316, 3912, 507, -8784, -6820, 25016, 25192, 1760, 533, -8412, -6328, 23624, 30684, -750, 1530, -6744, -5832, 23100, 32767, -442, 1832, -6724, -5044, 22280, 32767, 1972, 2104, -6576, -3916, 21060, 32767, 4154, 2734, -6644, -2848, 19368, 32767, 5973, 3857, -6236, -1772, 17568, 32767, 6658, 5199
-5644, -1004, 15960, 32767, 6333, 5950, -8516, -11924, 32767, 32767, 162, 4369, -8644, -8264, 21760, 32767, -944, 6493, -8568, -6892, 20900, 32767, -2319, 8239, -7740, -5756, 19668, 32767, -2375, 9313, -6744, -5180, 19428, 32767, -1264, 9771, -6000, -3824, 18996, 32767, 1699, 9677, -5580, -3084, 18244, 32767, 5394, 9474, -5220, -2112, 16692, 32767, 8703, 9330, -4828, -1600, 14428, 32767, 10824, 9204
-4496, -532, 11632, 32767, 11929, 8951, -5536, -7732, 31064, -744, 8342, 3017, -5372, -6136, 21832, -113, 5699, 2654, -5772, -6732, 24860, 3784, 3161, 1244, -6064, -7896, 26956, 8500, 1828, -202, -7212, -8688, 28796, 13799, 2176, -578, -9328, -9124, 30296, 20642, 2757, 1171, -9780, -9196, 28868, 26960, 3454, 4472, -8692, -8500, 26320, 30796, 4558, 7947, -7404, -7388, 23500, 32697, 5608, 10330
-6132, -6216, 21140, 32767, 7089, 11523, -2212, -3088, 32767, 11827, 8080, 2413, -4928, -1348, 19196, 11127, 8404, 3188, -5460, -1640, 18900, 12747, 8440, 3627, -5100, -2104, 17888, 13506, 7884, 4057, -4352, -2932, 17280, 13601, 6925, 3757, -4668, -3500, 17972, 13347, 5855, 2894, -5112, -4188, 19084, 14501, 5080, 1948, -6080, -4504, 20200, 17048, 4754, 1700, -6628, -4680, 20124, 20910, 4266, 2095
-6840, -4960, 19888, 24816, 3616, 2876, -6200, -8344, 32767, 4631, 5372, 2591, -8108, -4932, 22224, 6198, 3967, 3681, -7352, -4716, 22540, 9474, 2605, 3978, -7276, -4496, 22544, 11716, 1862, 4104, -6636, -5140, 23108, 13862, 1912, 3884, -6888, -5260, 23176, 15909, 3001, 3524, -7144, -5564, 23248, 18292, 4328, 3264, -7748, -5936, 23116, 21492, 5417, 3280, -8340, -6216, 22500, 25266, 5805, 4162
-8220, -6420, 20604, 28468, 5471, 5348, -3312, -6572, 32767, 6281, 4032, 937, -7932, -5240, 24356, 9678, 2973, 1555, -8772, -6216, 24776, 13990, 2998, 2758, -8948, -6628, 23992, 16708, 3112, 4589, -8836, -6340, 22824, 18067, 3843, 6455, -8360, -5504, 21280, 17969, 6169, 8069, -7784, -4912, 19964, 16461, 9851, 9476, -7536, -4424, 19196, 14855, 13871, 10572, -7508, -4156, 18892, 14362, 17206, 11448
-7592, -3608, 18336, 15702, 19183, 12363, -4756, -10084, 32767, 3728, 5437, 2198, -5628, -7288, 24116, 3902, 6156, 3468, -6228, -7548, 26032, 6934, 7547, 3580, -6256, -7876, 26904, 10626, 8426, 3853, -6540, -7644, 26824, 15247, 9625, 4234, -6924, -7476, 25388, 19426, 10532, 5104, -7192, -7216, 23116, 22098, 10635, 6108, -7272, -6244, 21364, 24215, 11128, 7487, -6948, -5524, 18792, 25977, 11953, 8735
-6844, -4652, 16552, 27129, 12954, 10010, -4716, -8384, 32767, 6146, 6077, 4840, -5576, -6172, 20920, 5907, 6115, 4412, -6360, -6960, 22612, 7785, 5605, 3335, -6976, -7432, 23064, 9335, 5896, 2792, -7788, -7344, 23588, 11262, 7329, 3376, -8132, -7572, 23448, 13228, 8885, 4948, -7928, -6856, 23172, 15048, 10756, 7146, -7152, -5708, 22288, 17609, 12966, 9248, -6228, -4820, 20912, 20439, 14418, 10958
-5348, -4172, 19020, 23736, 14654, 11985, -708, -8488, 32767, 7976, 3497, 2458, -1412, -7812, 22924, 6436, 4123, 1289, -2072, -8656, 25296, 4973, 7963, -781, -4168, -9400, 28004, 4443, 13943, -2173, -8108, -9448, 29944, 7829, 19478, 16, -10692, -9732, 29892, 14174, 20073, 5348, -9708, -9232, 27244, 21126, 17392, 11187, -7264, -7732, 23788, 27059, 15017, 14919, -4992, -6244, 19636, 31640, 13237, 16717
-3980, -3936, 15776, 32767, 11665, 17400, -2528, -7208, 32767, 4829, 7250, 5303, -4116, -3904, 20824, 4182, 6449, 7464, -2336, -5660, 21308, 3840, 5641, 6557, -2028, -6836, 23072, 2532, 5857, 3940, -3348, -7780, 25608, 2518, 6882, 856, -5892, -8304, 28008, 6002, 7555, 219, -7084, -8860, 28280, 11018, 7723, 1656, -7060, -9660, 27596, 14778, 8430, 4203, -7208, -8860, 26512, 17855, 10403, 7410
-7036, -8064, 24780, 21192, 12250, 10724, -3304, -2212, 20104, 1326, -1391, -1080, -4136, -268, 14192, -778, -610, -42, -4240, -164, 15012, -949, -1080, 292, -3916, -488, 15388, -1366, -1304, 243, -3900, -988, 17016, -867, -1600, -192, -3788, -1280, 18960, 690, -2939, -1095, -3692, -2664, 21556, 2594, -4387, -2166, -3864, -3824, 25504, 5168, -4976, -3023, -5384, -4452, 29616, 9718, -3643, -2522
-6776, -4700, 31280, 15041, -1817, 113, -5204, -1956, 31872, 1259, 2824, -8, -5344, 380, 19332, -266, 3758, 1226, -5440, -664, 21116, 723, 2574, 1308, -5124, -1136, 23344, 2686, 1148, 1141, -5356, -1488, 25588, 6064, -3, 865, -5828, -1400, 26796, 10030, -597, 922, -6284, -784, 27128, 14455, -355, 2106, -5648, -416, 26140, 18633, 588, 3710, -4800, 136, 24432, 21739, 2039, 5040
-3896, 776, 22912, 23886, 3930, 5993, -4380, -5636, 30648, 10628, 575, 4212, -4320, -4136, 20636, 9879, 277, 3716, -4528, -4840, 23244, 11902, -797, 2218, -5524, -4924, 25148, 15507, -962, 2050, -6200, -4664, 25552, 19228, -677, 3079, -6096, -4236, 24804, 22322, 472, 4671, -5468, -3432, 23720, 24058, 2326, 6009, -4504, -2744, 22384, 25159, 4424, 6963, -3756, -1524, 21256, 25680, 6375, 7807
-2868, -388, 20044, 26466, 8720, 8691, -2636, -5944, 32767, 9221, -299, -2336, -6560, -4016, 24560, 11660, 247, -3218, -7940, -5640, 25820, 16337, -1927, -3100, -8164, -5508, 26040, 20541, -3225, -854, -7600, -5324, 26476, 23462, -3662, 1892, -6740, -4788, 26996, 26233, -2610, 3953, -5908, -3764, 27156, 30006, -750, 5395, -5680, -2300, 25720, 32767, 1715, 6800, -4680, -1684, 21952, 32767, 2727, 8017
-3224, -1088, 17996, 32767, 2327, 8774, -2928, -5776, 32767, 13690, 6685, 9023, -4496, -2744, 17384, 14784, 5366, 9294, -3904, -3112, 16880, 16670, 2689, 8227, -3396, -2168, 17272, 18673, -199, 6904, -3064, -1140, 18692, 21356, -1241, 5470, -3100, -680, 20572, 25251, -345, 4143, -2320, -548, 21172, 30298, 1271, 2702, -2020, -876, 20420, 32767, 2959, 637, -3016, -256, 18596, 32767, 2609, -448
-3364, -12, 16972, 32767, 716, -355, 284, -4588, 32767, 7892, 203, -2871, -3656, -3216, 26416, 11205, -257, -4305, -5564, -4376, 29268, 18266, 510, -3928, -7252, -4024, 29476, 25351, 1709, -951, -6732, -3252, 26668, 31605, 2226, 2853, -5016, -2128, 23516, 32767, 2375, 5737, -3920, -600, 20448, 32767, 2339, 7271, -2936, 748, 17224, 32767, 2334, 7631, -2080, 1984, 14372, 32767, 2073, 7268
-1280, 2788, 11584, 32767, 1615, 6421, -3968, -4592, 32767, 15898, -2609, -2430, -6420, -3340, 24360, 18304, -4155, -886, -6916, -3624, 25488, 22763, -4312, 1165, -5744, -3232, 25188, 27252, -3421, 3365, -4048, -2012, 24100, 30555, -1137, 4100, -3616, -1080, 22736, 32767, 1474, 4019, -3416, 40, 20676, 32767, 3525, 3791, -3776, 1136, 18016, 32767, 4784, 4183, -3840, 1852, 14840, 32767, 4516, 5315
-3640, 2568, 11400, 32767, 2832, 6415, -4196, -4288, 32767, 15734, -1638, 1571, -5404, -1320, 25716, 19225, -1798, 967, -5992, -1452, 25276, 24052, -2959, 1115, -6492, -768, 24536, 27976, -4233, 2192, -5916, -12, 23912, 31537, -4407, 3673, -3728, 732, 23588, 32767, -2492, 4312, -1772, 2060, 21196, 32767, 1225, 2373, -1884, 2176, 18008, 32767, 2633, 181, -2400, 2852, 15152, 32767, 1850, -753
-2584, 3708, 12812, 32767, 1270, -1104, -4732, -7360, 32767, 11308, 568, -319, -9024, -2960, 31780, 17982, 4045, 2547, -8496, -3368, 30036, 26260, 5970, 5914, -8092, -2968, 27736, 32384, 5649, 9307, -6200, -2196, 25192, 32767, 5019, 11526, -4700, -1232, 22412, 32767, 4849, 12247, -3100, -592, 19508, 32767, 4323, 11538, -1924, -72, 16872, 32767, 3849, 9797, -1120, 920, 14424, 32767, 4299, 7373
-1632, 1564, 11924, 32767, 5986, 5385, -3764, -5436, 29476, 5621, -875, 743, -4776, -3124, 21048, 4657, -673, -197, -5288, -2940, 23468, 7064, 522, -1237, -7172, -2504, 25804, 11514, 2021, -485, -6724, -3000, 27520, 18549, 4421, 568, -6476, -3664, 27804, 26087, 5664, 1354, -7544, -4044, 26444, 32029, 4436, 2802, -8024, -3228, 24688, 32767, 2360, 5558, -6912, -1208, 22208, 32767, 1820, 8012
-5340, 40, 19384, 32767, 3412, 9299, -2884, -4636, 32460, 7242, -723, -943, -4500, -3228, 27664, 11463, -1057, -3217, -6388, -3776, 30504, 19819, -62, -4579, -8708, -4076, 31048, 29127, 1434, -2490, -10128, -3748, 29228, 32767, 1091, 2370, -8884, -2336, 26288, 32767, -84, 7398, -5536, -732, 22440, 32767, -641, 10004, -2848, 344, 19264, 32767, -255, 9881, -800, 1180, 15788, 32767, 1398, 7757
-412, 1976, 12412, 32767, 3659, 4831, -3148, -5008, 32200, 1189, 4134, 3457, -4576, -3100, 21052, 3976, 2305, 2145, -5964, -3004, 23404, 9722, -298, 778, -5872, -3484, 25412, 15757, -1290, 133, -6132, -3912, 27396, 21679, 76, -101, -6504, -4528, 28404, 26518, 2447, 580, -6452, -3908, 28100, 30509, 5880, 2006, -7412, -2940, 26464, 32767, 8482, 4530, -7080, -2164, 23868, 32767, 9691, 7075
-5792, -1228, 21236, 32767, 9888, 8786, -4136, -1620, 32767, 6365, 3179, 4436, -6400, 804, 19616, 6441, 4121, 5186, -5388, -428, 21824, 9175, 2842, 4984, -3964, -1156, 25912, 14277, 1608, 2912, -4756, -2592, 29396, 20363, 574, -682, -7700, -3608, 32128, 27640, -403, -2101, -10184, -3620, 32044, 32767, 16, 236, -10072, -2984, 29852, 32767, 1767, 4812, -7296, -2228, 26636, 32767, 3667, 8879
-4244, -1216, 22492, 32767, 5577, 10581, -4020, -4052, 32767, 20260, -8245, -6119, -8060, -992, 32368, 28766, -8367, -5433, -9124, -1832, 32428, 32767, -6014, -1879, -6900, -592, 29844, 32767, -1768, 1742, -5720, 548, 26560, 32767, 467, 4616, -3972, 2224, 22688, 32767, 1589, 6040, -2908, 4016, 17992, 32767, 2625, 5716, -1952, 4764, 13676, 32767, 3594, 4755, -1708, 5116, 9284, 32767, 3999, 3618
-1300, 5360, 5560, 32767, 3317, 2381, -7784, -7188, 28528, 38, -1035, -2348, -6976, -8764, 20796, 3019, -2717, -2202, -7316, -8972, 23764, 7796, -5379, -3438, -7324, -8860, 25392, 13342, -5898, -5554, -8268, -8788, 27452, 18419, -4911, -6850, -11132, -8460, 29060, 25925, -3257, -4985, -12548, -7672, 28748, 32568, -3287, -402, -11064, -6908, 27412, 32767, -2802, 4503, -8988, -5924, 25768, 32767, -2751, 8074
